Day, Susceptible, Infected, Recovered, Dead, New Cases
1, 9900000, 100000, 0, 0, 0
2, 9879880, 112921, 7080, 119, 20120
3, 9856873, 129182, 13674, 271, 23007
4, 9830311, 149684, 19614, 391, 26562
5, 9799575, 174665, 25265, 495, 30736
6, 9763158, 205720, 30511, 611, 36417
7, 9720326, 243557, 35409, 708, 42832
8, 9673790, 265795, 59226, 1189, 46536
9, 9625326, 278102, 94658, 1914, 48464
10, 9575068, 289322, 132942, 2668, 50258
11, 9522731, 301763, 172028, 3478, 52337
12, 9468318, 315459, 211928, 4295, 54413
13, 9411871, 330444, 252495, 5190, 56447
14, 9352866, 347076, 294019, 6039, 59005
15, 9290450, 365958, 336741, 6851, 62416
16, 9225262, 387105, 379926, 7707, 65188
17, 9158143, 400020, 433058, 8779, 67119
18, 9089229, 412869, 488031, 9871, 68914
19, 9023657, 420379, 544961, 11003, 65572
20, 8955411, 429060, 603292, 12237, 68246
21, 8883560, 438190, 664729, 13521, 71851
22, 8811162, 445843, 728154, 14841, 72398
23, 8738197, 452297, 793300, 16206, 72965
24, 8664771, 458637, 859011, 17581, 73426
25, 8590609, 466865, 923586, 18940, 74162
26, 8515566, 475450, 988665, 20319, 75043
27, 8440422, 481372, 1056530, 21676, 75144
28, 8365111, 486293, 1125532, 23064, 75311
29, 8289614, 489980, 1195912, 24494, 75497
30, 8213875, 492866, 1267288, 25971, 75739
31, 8139064, 494153, 1339364, 27419, 74811
32, 8064400, 494810, 1411905, 28885, 74664
33, 7990316, 494976, 1484318, 30390, 74084
34, 7916452, 495286, 1556379, 31883, 73864
35, 7843323, 494929, 1628363, 33385, 73129
36, 7771359, 492658, 1701161, 34822, 71964
37, 7700307, 489867, 1773554, 36272, 71052
38, 7629886, 487121, 1845203, 37790, 70421
39, 7560804, 483769, 1916225, 39202, 69082
40, 7492531, 479749, 1987003, 40717, 68273
41, 7425921, 474270, 2057663, 42146, 66610
42, 7360540, 468251, 2127617, 43592, 65381
43, 7296710, 461765, 2196498, 45027, 63830
44, 7234398, 454809, 2264434, 46359, 62312
45, 7173440, 447736, 2331068, 47756, 60958
46, 7113909, 440174, 2396769, 49148, 59531
47, 7055671, 432280, 2461548, 50501, 58238
48, 6999412, 423485, 2525234, 51869, 56259
49, 6944415, 414839, 2587666, 53080, 54997
50, 6891181, 406091, 2648440, 54288, 53234
51, 6838963, 397337, 2708147, 55553, 52218
52, 6790605, 386357, 2766368, 56670, 48358
53, 6742194, 377036, 2822943, 57827, 48411
54, 6695018, 368147, 2877911, 58924, 47176
55, 6649264, 358374, 2932398, 59964, 45754
56, 6604997, 349575, 2984387, 61041, 44267
57, 6562235, 340143, 3035571, 62051, 42762
58, 6520417, 331371, 3085170, 63042, 41818
59, 6480732, 321579, 3133646, 64043, 39685
60, 6441956, 312183, 3180835, 65026, 38776
61, 6404739, 302162, 3227128, 65971, 37217
62, 6368900, 292509, 3271755, 66836, 35839
63, 6334239, 283369, 3314670, 67722, 34661
64, 6301020, 274137, 3356256, 68587, 33219
65, 6272906, 261228, 3396447, 69419, 28114
66, 6242353, 252078, 3435400, 70169, 30553
67, 6213033, 243902, 3472148, 70917, 29320
68, 6185044, 235113, 3508208, 71635, 27989
69, 6158139, 226313, 3543212, 72336, 26905
70, 6132260, 217513, 3577207, 73020, 25879
71, 6109455, 209166, 3607704, 73675, 22805
72, 6090209, 197340, 3638199, 74252, 19246
73, 6067838, 189209, 3668079, 74874, 22371
74, 6046638, 181621, 3696289, 75452, 21200
75, 6026325, 173897, 3723757, 76021, 20313
76, 6006772, 166652, 3750033, 76543, 19553
77, 5989550, 159133, 3774271, 77046, 17222
78, 5971774, 154860, 3795907, 77459, 17776
79, 5954509, 149238, 3818306, 77947, 17265
80, 5937940, 143817, 3839850, 78393, 16569
81, 5922114, 137499, 3861572, 78815, 15826
82, 5907084, 131212, 3882438, 79266, 15030
83, 5892446, 126394, 3901489, 79671, 14638
84, 5878715, 121027, 3920232, 80026, 13731
85, 5865413, 115814, 3938350, 80423, 13302
86, 5852854, 111074, 3955320, 80752, 12559
87, 5840694, 107396, 3970845, 81065, 12160
88, 5829198, 102388, 3987003, 81411, 11496
89, 5819890, 95960, 4002393, 81757, 9308
90, 5809496, 91690, 4016771, 82043, 10394
91, 5799547, 87641, 4030508, 82304, 9949
92, 5790253, 83969, 4043219, 82559, 9294
93, 5781078, 80524, 4055592, 82806, 9175
94, 5772458, 76935, 4067552, 83055, 8620
95, 5765444, 73100, 4078176, 83280, 7014
96, 5757579, 70009, 4088914, 83498, 7865
97, 5751241, 65499, 4099551, 83709, 6338
98, 5744436, 62108, 4109542, 83914, 6805
99, 5737808, 59009, 4119072, 84111, 6628
100, 5732395, 55360, 4127954, 84291, 5413
101, 5726572, 53003, 4135962, 84463, 5823
102, 5721013, 50354, 4143988, 84645, 5559
103, 5715581, 48489, 4151145, 84785, 5432
104, 5710383, 46641, 4158077, 84899, 5198
105, 5705401, 44506, 4165052, 85041, 4982
106, 5700614, 42666, 4171557, 85163, 4787
107, 5696055, 40764, 4177883, 85298, 4559
108, 5691718, 38723, 4184117, 85442, 4337
109, 5687692, 36937, 4189815, 85556, 4026
110, 5684334, 34928, 4195079, 85659, 3358
111, 5680745, 33122, 4200369, 85764, 3589
112, 5677335, 31615, 4205189, 85861, 3410
113, 5674019, 29973, 4210038, 85970, 3316
114, 5670855, 28392, 4214687, 86066, 3164
115, 5667838, 27327, 4218682, 86153, 3017
116, 5664831, 26442, 4222497, 86230, 3007
117, 5661979, 25456, 4226260, 86305, 2852
118, 5659300, 24457, 4229878, 86365, 2679
119, 5656713, 23424, 4233409, 86454, 2587
120, 5654257, 22226, 4236996, 86521, 2456
121, 5651874, 21172, 4240361, 86593, 2383
122, 5649994, 19765, 4243584, 86657, 1880
123, 5647952, 18743, 4246579, 86726, 2042
124, 5645983, 17792, 4249434, 86791, 1969
125, 5644067, 17158, 4251923, 86852, 1916
126, 5642267, 16389, 4254443, 86901, 1800
127, 5640773, 15303, 4256973, 86951, 1494
128, 5639401, 14524, 4259091, 86984, 1372
129, 5637816, 14085, 4261084, 87015, 1585
130, 5636549, 13223, 4263178, 87050, 1267
131, 5635167, 12529, 4265195, 87109, 1382
132, 5633983, 11787, 4267081, 87149, 1184
133, 5632763, 11304, 4268746, 87187, 1220
134, 5631607, 10812, 4270362, 87219, 1156
135, 5630466, 10354, 4271928, 87252, 1141
136, 5629349, 9963, 4273409, 87279, 1117
137, 5628306, 9501, 4274894, 87299, 1043
138, 5627308, 9087, 4276272, 87333, 998
139, 5626332, 8738, 4277578, 87352, 976
140, 5625668, 8078, 4278873, 87381, 664
141, 5624811, 7664, 4280118, 87407, 857
142, 5624031, 7251, 4281292, 87426, 780
143, 5623280, 6928, 4282349, 87443, 751
144, 5622581, 6539, 4283415, 87465, 699
145, 5621888, 6277, 4284354, 87481, 693
146, 5621293, 6039, 4285171, 87497, 595
147, 5620666, 5770, 4286050, 87514, 627
148, 5620059, 5507, 4286904, 87530, 607
149, 5619486, 5223, 4287745, 87546, 573
150, 5618932, 5027, 4288476, 87565, 554
151, 5618447, 4719, 4289259, 87575, 485
152, 5617966, 4472, 4289963, 87599, 481
153, 5617474, 4282, 4290631, 87613, 492
154, 5617009, 4030, 4291337, 87624, 465
155, 5616605, 3868, 4291897, 87630, 404
156, 5616277, 3624, 4292457, 87642, 328
157, 5615936, 3407, 4293002, 87655, 341
158, 5615592, 3237, 4293513, 87658, 344
159, 5615259, 3058, 4294017, 87666, 333
160, 5614962, 2889, 4294471, 87678, 297
161, 5614672, 2758, 4294877, 87693, 290
162, 5614398, 2618, 4295280, 87704, 274
163, 5614111, 2511, 4295669, 87709, 287
164, 5613859, 2345, 4296081, 87715, 252
165, 5613620, 2215, 4296443, 87722, 239
166, 5613391, 2137, 4296744, 87728, 229
167, 5613225, 2000, 4297044, 87731, 166
168, 5613038, 1889, 4297337, 87736, 187
169, 5612836, 1772, 4297650, 87742, 202
170, 5612650, 1696, 4297904, 87750, 186
171, 5612478, 1627, 4298141, 87754, 172
172, 5612308, 1536, 4298401, 87755, 170
173, 5612145, 1484, 4298613, 87758, 163
174, 5611982, 1425, 4298833, 87760, 163
175, 5611836, 1340, 4299057, 87767, 146
176, 5611692, 1312, 4299223, 87773, 144
177, 5611546, 1273, 4299404, 87777, 146
178, 5611438, 1183, 4299598, 87781, 108
179, 5611301, 1131, 4299784, 87784, 137
180, 5611195, 1055, 4299962, 87788, 106
181, 5611084, 1010, 4300117, 87789, 111
182, 5610981, 972, 4300253, 87794, 103
183, 5610899, 917, 4300388, 87796, 82
184, 5610811, 881, 4300503, 87805, 88
185, 5610717, 840, 4300634, 87809, 94
186, 5610638, 779, 4300774, 87809, 79
187, 5610548, 755, 4300884, 87813, 90
188, 5610491, 687, 4301007, 87815, 57
189, 5610419, 662, 4301101, 87818, 72
190, 5610348, 625, 4301206, 87821, 71
191, 5610276, 609, 4301293, 87822, 72
192, 5610206, 587, 4301383, 87824, 70
193, 5610157, 543, 4301475, 87825, 49
194, 5610101, 534, 4301540, 87825, 56
195, 5610041, 506, 4301628, 87825, 60
196, 5609991, 464, 4301720, 87825, 50
197, 5609941, 437, 4301795, 87827, 50
198, 5609897, 422, 4301852, 87829, 44
199, 5609839, 424, 4301906, 87831, 58
200, 5609814, 389, 4301965, 87832, 25
201, 5609771, 375, 4302022, 87832, 43
202, 5609732, 365, 4302071, 87832, 39
203, 5609698, 357, 4302112, 87833, 34
204, 5609660, 345, 4302162, 87833, 38
205, 5609620, 328, 4302219, 87833, 40
206, 5609573, 340, 4302254, 87833, 47
207, 5609541, 330, 4302296, 87833, 32
208, 5609516, 301, 4302347, 87836, 25
209, 5609482, 295, 4302387, 87836, 34
210, 5609450, 293, 4302421, 87836, 32
211, 5609416, 273, 4302473, 87838, 34
212, 5609396, 250, 4302516, 87838, 20
213, 5609369, 239, 4302553, 87839, 27
214, 5609342, 235, 4302583, 87840, 27
215, 5609316, 238, 4302606, 87840, 26
216, 5609289, 220, 4302651, 87840, 27
217, 5609268, 206, 4302686, 87840, 21
218, 5609252, 190, 4302717, 87841, 16
219, 5609236, 179, 4302744, 87841, 16
220, 5609216, 177, 4302765, 87842, 20
221, 5609194, 166, 4302796, 87844, 22
222, 5609178, 145, 4302832, 87845, 16
223, 5609164, 131, 4302859, 87846, 14
224, 5609146, 130, 4302878, 87846, 18
225, 5609138, 116, 4302898, 87848, 8
226, 5609126, 103, 4302923, 87848, 12
227, 5609116, 101, 4302935, 87848, 10
228, 5609104, 94, 4302954, 87848, 12
229, 5609098, 77, 4302976, 87849, 6
230, 5609094, 64, 4302993, 87849, 4
231, 5609084, 63, 4303004, 87849, 10
232, 5609074, 65, 4303012, 87849, 10
233, 5609069, 58, 4303024, 87849, 5
234, 5609062, 55, 4303034, 87849, 7
235, 5609056, 57, 4303038, 87849, 6
236, 5609049, 56, 4303046, 87849, 7
237, 5609046, 50, 4303055, 87849, 3
238, 5609044, 39, 4303068, 87849, 2
239, 5609040, 32, 4303079, 87849, 4
240, 5609036, 29, 4303086, 87849, 4
241, 5609034, 28, 4303089, 87849, 2
242, 5609032, 25, 4303094, 87849, 2
243, 5609029, 22, 4303100, 87849, 3
244, 5609027, 24, 4303100, 87849, 2
245, 5609027, 19, 4303105, 87849, 0
246, 5609025, 18, 4303108, 87849, 2
247, 5609021, 19, 4303111, 87849, 4
248, 5609019, 18, 4303114, 87849, 2
249, 5609016, 20, 4303115, 87849, 3
250, 5609014, 19, 4303118, 87849, 2
251, 5609010, 23, 4303118, 87849, 4
252, 5609007, 23, 4303121, 87849, 3
253, 5609006, 19, 4303126, 87849, 1
254, 5609004, 17, 4303130, 87849, 2
255, 5609002, 19, 4303130, 87849, 2
256, 5609002, 18, 4303131, 87849, 0
257, 5609001, 16, 4303134, 87849, 1
258, 5608997, 16, 4303138, 87849, 4
259, 5608997, 15, 4303139, 87849, 0
260, 5608994, 14, 4303143, 87849, 3
261, 5608992, 12, 4303147, 87849, 2
262, 5608990, 13, 4303148, 87849, 2
263, 5608988, 13, 4303150, 87849, 2
264, 5608987, 9, 4303155, 87849, 1
265, 5608984, 10, 4303157, 87849, 3
266, 5608983, 9, 4303159, 87849, 1
267, 5608982, 9, 4303160, 87849, 1
268, 5608982, 8, 4303161, 87849, 0
269, 5608980, 7, 4303164, 87849, 2
270, 5608980, 3, 4303168, 87849, 0
271, 5608980, 2, 4303169, 87849, 0
272, 5608980, 2, 4303169, 87849, 0
273, 5608979, 3, 4303169, 87849, 1
274, 5608979, 3, 4303169, 87849, 0
275, 5608979, 3, 4303169, 87849, 0
276, 5608978, 4, 4303169, 87849, 1
277, 5608978, 3, 4303170, 87849, 0
278, 5608978, 3, 4303170, 87849, 0
279, 5608978, 1, 4303172, 87849, 0
280, 5608978, 1, 4303172, 87849, 0
281, 5608978, 1, 4303172, 87849, 0
282, 5608978, 1, 4303172, 87849, 0
283, 5608978, 1, 4303172, 87849, 0
284, 5608978, 0, 4303173, 87849, 0