Day, Susceptible, Infected, Recovered, Dead, New Cases
1, 322607393, 392607, 214711, 0, 0
2, 322516673, 455400, 242105, 533, 90720
3, 322409825, 536099, 267749, 1038, 106848
4, 322284148, 637547, 291452, 1564, 125677
5, 322131173, 768280, 313255, 2003, 152975
6, 321944394, 934146, 333765, 2406, 186779
7, 321716792, 1142337, 352795, 2787, 227602
8, 321436897, 1404274, 370420, 3120, 279895
9, 321091933, 1732471, 386868, 3439, 344964
10, 320665805, 2143151, 402006, 3749, 426128
11, 320138079, 2656411, 416209, 4012, 527726
12, 319636996, 3143894, 429525, 4296, 501083
13, 318864686, 3903700, 441753, 4572, 772310
14, 317905407, 4851464, 453055, 4785, 959279
15, 316716557, 6029623, 463129, 5402, 1188850
16, 315243554, 7492855, 472388, 5914, 1473003
17, 313590629, 9045892, 566603, 11587, 1652925
18, 311430938, 11090397, 675590, 17786, 2159691
19, 309512213, 12875296, 802016, 25186, 1918725
20, 306736791, 15490470, 953450, 34000, 2775422
21, 303510486, 18523171, 1136507, 44547, 3226305
22, 299247855, 22551745, 1357611, 57500, 4262631
23, 294461160, 27052650, 1627583, 73318, 4786695
24, 289540271, 31623088, 1958698, 92654, 4920889
25, 282952979, 37779143, 2366245, 116344, 6587292
26, 276438016, 43761669, 2869104, 145922, 6514963
27, 269876300, 49817794, 3346715, 173902, 6561716
28, 263533837, 55383921, 4080525, 216428, 6342463
29, 257532979, 60421706, 4990386, 269640, 6000858
30, 251154597, 65607671, 6117085, 335358, 6378382
31, 242136496, 73149422, 7511920, 416873, 9018101
32, 234865843, 78764141, 9076773, 507954, 7270653
33, 227408964, 84058474, 11120318, 626955, 7456879
34, 219473713, 90072359, 12935874, 732765, 7935251
35, 213663804, 93104404, 15560528, 885975, 5809909
36, 209493587, 94046135, 18611367, 1063622, 4170217
37, 204683700, 94591274, 22641083, 1298654, 4809887
38, 202311685, 92174607, 27166091, 1562328, 2372015
39, 198815356, 90748300, 31817835, 1833220, 3496329
40, 194959005, 88015648, 38044259, 2195799, 3856351
41, 189278736, 87179389, 44202775, 2553811, 5680269
42, 186557115, 83337887, 50405345, 2914364, 2721621
43, 184935557, 78615648, 56400407, 3263099, 1621558
44, 183787316, 73761774, 62072367, 3593254, 1148241
45, 182197319, 68972283, 68100723, 3944386, 1589997
46, 180951803, 61198612, 76622667, 4441629, 1245516
47, 177463555, 57415210, 83492788, 4843158, 3488248
48, 176175040, 51245926, 90540224, 5253521, 1288515
49, 174975417, 44509449, 98038757, 5691088, 1199623
50, 174182520, 39491603, 103529298, 6011290, 792897
51, 173589673, 35913490, 107471037, 6240511, 592847
52, 172992036, 31700542, 112017405, 6504728, 597637
53, 171983286, 30336627, 114259331, 6635467, 1008750
54, 171458607, 27364382, 117563754, 6827968, 524679
55, 170246628, 24719460, 121208087, 7040536, 1211979
56, 169279614, 20005684, 126576634, 7352779, 967014
57, 168908959, 17654249, 129149092, 7502411, 370655
58, 168163185, 16778035, 130681618, 7591873, 745774
59, 168009856, 15782748, 131767276, 7654831, 153329
60, 167813883, 14388355, 133270127, 7742346, 195973
61, 167497113, 13459251, 134447010, 7811337, 316770
62, 167134055, 10333742, 137743525, 8003389, 363058
63, 166996684, 9182284, 138961465, 8074278, 137371
64, 166645495, 8333569, 140095534, 8140113, 351189
65, 166547826, 7638078, 140845392, 8183415, 97669
66, 166392253, 7200575, 141405569, 8216314, 155573
67, 166279836, 6715124, 141970524, 8249227, 112417
68, 166155249, 5830762, 142923793, 8304907, 124587
69, 166069379, 5391775, 143419625, 8333932, 85870
70, 165959467, 4289541, 144564900, 8400803, 109912
71, 165867000, 3414821, 145478808, 8454082, 92467
72, 165823192, 3087798, 145829094, 8474627, 43808
73, 165753693, 2411376, 146533869, 8515773, 69499
74, 165715980, 2295634, 146684254, 8518843, 37713
75, 165689833, 2125679, 146876475, 8522724, 26147
76, 165651865, 1846775, 147186975, 8529096, 37968
77, 165611903, 1523563, 147542891, 8536354, 39962
78, 165594717, 1403262, 147677626, 8539106, 17186
79, 165560424, 1086275, 148021810, 8546202, 34293
80, 165547850, 1001093, 148117570, 8548198, 12574
81, 165530809, 862482, 148270106, 8551314, 17041
82, 165517985, 762810, 148380323, 8553593, 12824
83, 165496794, 659335, 148502456, 8556126, 21191
84, 165486379, 583810, 148586684, 8557838, 10415
85, 165463293, 496928, 148694452, 8560038, 23086
86, 165454319, 413377, 148785060, 8561955, 8974
87, 165448208, 375628, 148828077, 8562798, 6111
88, 165440299, 313981, 148896240, 8564191, 7909
89, 165434986, 281538, 148933219, 8564968, 5313
90, 165431278, 259068, 148958843, 8565522, 3708
91, 165425988, 226356, 148996077, 8566290, 5290
92, 165420316, 192041, 149035271, 8567083, 5672
93, 165418189, 176953, 149052126, 8567443, 2127
94, 165414824, 145992, 149085737, 8568158, 3365
95, 165409638, 138568, 149098080, 8568425, 5186
96, 165407569, 123571, 149114825, 8568746, 2069
97, 165405975, 112319, 149127436, 8568981, 1594
98, 165402632, 94454, 149148217, 8569408, 3343
99, 165399067, 87586, 149158437, 8569621, 3565
100, 165395439, 68111, 149181086, 8570075, 3628
101, 165394491, 60065, 149189909, 8570246, 948
102, 165393642, 54789, 149195910, 8570370, 849
103, 165392786, 47726, 149203675, 8570524, 856
104, 165391683, 43496, 149208903, 8570629, 1103
105, 165391090, 40363, 149212555, 8570703, 593
106, 165390568, 35580, 149217751, 8570812, 522
107, 165389641, 30824, 149223312, 8570934, 927
108, 165389281, 29043, 149225411, 8570976, 360
109, 165388759, 26191, 149228715, 8571046, 522
110, 165388253, 21501, 149233821, 8571136, 506
111, 165388007, 19671, 149235856, 8571177, 246
112, 165387797, 18274, 149237431, 8571209, 210
113, 165387378, 15345, 149240700, 8571288, 419
114, 165387000, 12153, 149244205, 8571353, 378
115, 165386694, 8825, 149247771, 8571421, 306
116, 165386531, 8037, 149248708, 8571435, 163
117, 165386417, 7294, 149249543, 8571457, 114
118, 165386316, 6535, 149250385, 8571475, 101
119, 165386179, 5568, 149251471, 8571493, 137
120, 165385938, 5212, 149252056, 8571505, 241
121, 165385868, 4755, 149252577, 8571511, 70
122, 165385705, 3988, 149253483, 8571535, 163
123, 165385656, 3674, 149253840, 8571541, 49
124, 165385577, 3224, 149254356, 8571554, 79
125, 165385362, 2930, 149254854, 8571565, 215
126, 165385336, 2705, 149255099, 8571571, 26
127, 165385286, 2545, 149255300, 8571580, 50
128, 165385246, 2162, 149255716, 8571587, 40
129, 165385200, 1828, 149256088, 8571595, 46
130, 165385155, 1564, 149256390, 8571602, 45
131, 165385129, 1427, 149256548, 8571607, 26
132, 165385105, 1337, 149256660, 8571609, 24
133, 165385083, 1257, 149256760, 8571611, 22
134, 165385060, 1142, 149256898, 8571611, 23
135, 165385045, 916, 149257134, 8571616, 15
136, 165385032, 859, 149257202, 8571618, 13
137, 165385013, 711, 149257365, 8571622, 19
138, 165384999, 675, 149257413, 8571624, 14
139, 165384985, 607, 149257494, 8571625, 14
140, 165384962, 412, 149257708, 8571629, 23
141, 165384958, 390, 149257733, 8571630, 4
142, 165384946, 351, 149257784, 8571630, 12
143, 165384935, 322, 149257823, 8571631, 11
144, 165384930, 281, 149257869, 8571631, 5
145, 165384927, 238, 149257915, 8571631, 3
146, 165384926, 212, 149257942, 8571631, 1
147, 165384922, 191, 149257967, 8571631, 4
148, 165384917, 173, 149257990, 8571631, 5
149, 165384915, 152, 149258012, 8571632, 2
150, 165384908, 143, 149258028, 8571632, 7
151, 165384902, 136, 149258041, 8571632, 6
152, 165384897, 121, 149258060, 8571633, 5
153, 165384892, 112, 149258074, 8571633, 5
154, 165384892, 98, 149258088, 8571633, 0
155, 165384890, 77, 149258111, 8571633, 2
156, 165384888, 74, 149258116, 8571633, 2
157, 165384885, 65, 149258128, 8571633, 3
158, 165384885, 54, 149258139, 8571633, 0
159, 165384883, 51, 149258144, 8571633, 2
160, 165384882, 48, 149258148, 8571633, 1
161, 165384880, 49, 149258149, 8571633, 2
162, 165384879, 46, 149258153, 8571633, 1
163, 165384876, 44, 149258158, 8571633, 3
164, 165384873, 45, 149258160, 8571633, 3
165, 165384872, 39, 149258167, 8571633, 1
166, 165384870, 34, 149258174, 8571633, 2
167, 165384870, 28, 149258180, 8571633, 0
168, 165384870, 23, 149258185, 8571633, 0
169, 165384869, 24, 149258185, 8571633, 1
170, 165384869, 22, 149258187, 8571633, 0
171, 165384867, 22, 149258189, 8571633, 2
172, 165384867, 19, 149258192, 8571633, 0
173, 165384867, 19, 149258192, 8571633, 0
174, 165384866, 18, 149258194, 8571633, 1
175, 165384864, 19, 149258195, 8571633, 2
176, 165384863, 18, 149258196, 8571634, 1
177, 165384862, 18, 149258197, 8571634, 1
178, 165384862, 15, 149258200, 8571634, 0
179, 165384862, 12, 149258203, 8571634, 0
180, 165384862, 10, 149258205, 8571634, 0
181, 165384862, 8, 149258207, 8571634, 0
182, 165384862, 8, 149258207, 8571634, 0
183, 165384862, 8, 149258207, 8571634, 0
184, 165384861, 8, 149258208, 8571634, 1
185, 165384861, 8, 149258208, 8571634, 0
186, 165384861, 6, 149258210, 8571634, 0
187, 165384860, 7, 149258210, 8571634, 1
188, 165384860, 7, 149258210, 8571634, 0
189, 165384860, 6, 149258211, 8571634, 0
190, 165384860, 4, 149258213, 8571634, 0
191, 165384860, 3, 149258214, 8571634, 0
192, 165384860, 2, 149258215, 8571634, 0
193, 165384860, 2, 149258215, 8571634, 0
194, 165384860, 2, 149258215, 8571634, 0
195, 165384860, 2, 149258215, 8571634, 0
196, 165384860, 2, 149258215, 8571634, 0
197, 165384860, 2, 149258215, 8571634, 0
198, 165384860, 2, 149258215, 8571634, 0
199, 165384860, 1, 149258216, 8571634, 0
200, 165384860, 1, 149258216, 8571634, 0
201, 165384860, 1, 149258216, 8571634, 0
202, 165384860, 0, 149258217, 8571634, 0