Day, Susceptible, Infected, Recovered, Dead, New Cases
1,322607393,392607,214711,0,0
2,322603781,367775,242627,528,3612
3,322600324,345197,268148,1042,3457
4,322597141,324146,291892,1532,3183
5,322594176,304599,313940,1996,2965
6,322591310,286824,334174,2403,2866
7,322588602,270321,353007,2781,2708
8,322586012,254745,370822,3132,2590
9,322583663,240439,387161,3448,2349
10,322581511,226986,402452,3762,2152
11,322579354,214841,416447,4069,2157
12,322577265,203650,429435,4361,2089
13,322575400,193193,441499,4619,1865
14,322573575,183606,452700,4830,1825
15,322571805,174594,463277,5035,1770
16,322570128,166303,473033,5247,1677
17,322568564,155129,485541,5477,1564
18,322567126,144456,497389,5740,1438
19,322565828,134695,508232,5956,1298
20,322564626,125528,518389,6168,1202
21,322563482,116798,528090,6341,1144
22,322562440,108824,536964,6483,1042
23,322561463,101315,545285,6648,977
24,322560513,94338,553046,6814,950
25,322559646,87897,560204,6964,867
26,322558788,81836,566984,7103,858
27,322558001,76131,573327,7252,787
28,322557260,70983,579107,7361,741
29,322556610,66061,584559,7481,650
30,322555996,61416,589724,7575,614
31,322555400,56964,594670,7677,596
32,322554865,52902,599168,7776,535
33,322554399,49226,603222,7864,466
34,322553930,45721,607107,7953,469
35,322553513,42529,610638,8031,417
36,322553125,39492,613992,8102,388
37,322552781,36594,617169,8167,344
38,322552416,34062,620001,8232,365
39,322552137,31589,622701,8284,279
40,322551840,29346,625188,8337,297
41,322551589,27167,627574,8381,251
42,322551319,25192,629778,8422,270
43,322551092,23317,631855,8447,227
44,322550861,21721,633641,8488,231
45,322550656,20187,635347,8521,205
46,322550465,18739,636957,8550,191
47,322550314,17409,638402,8586,151
48,322550149,16237,639722,8603,165
49,322550003,15057,641030,8621,146
50,322549863,13955,642253,8640,140
51,322549721,12913,643417,8660,142
52,322549594,12021,644420,8676,127
53,322549489,11142,645390,8690,105
54,322549382,10364,646254,8711,107
55,322549283,9646,647052,8730,99
56,322549200,8988,647777,8746,83
57,322549122,8317,648509,8763,78
58,322549045,7725,649153,8788,77
59,322548984,7161,649766,8800,61
60,322548914,6642,650342,8813,70
61,322548845,6151,650893,8822,69
62,322548787,5738,651356,8830,58
63,322548736,5356,651778,8841,51
64,322548700,4959,652200,8852,36
65,322548646,4616,652594,8855,54
66,322548611,4282,652954,8864,35
67,322548581,3951,653307,8872,30
68,322548544,3682,653608,8877,37
69,322548518,3411,653902,8880,26
70,322548490,3163,654174,8884,28
71,322548460,2962,654401,8888,30
72,322548440,2748,654629,8894,20
73,322548420,2546,654848,8897,20
74,322548398,2385,655027,8901,22
75,322548375,2203,655227,8906,23
76,322548360,2015,655426,8910,15
77,322548341,1875,655583,8912,19
78,322548324,1731,655740,8916,17
79,322548311,1615,655867,8918,13
80,322548297,1484,656011,8919,14
81,322548295,1371,656126,8919,2
82,322548280,1276,656231,8924,15
83,322548273,1168,656345,8925,7
84,322548265,1091,656427,8928,8
85,322548262,1009,656512,8928,3
86,322548245,944,656592,8930,17
87,322548239,878,656660,8934,6
88,322548229,820,656727,8935,10
89,322548222,758,656794,8937,7
90,322548217,699,656858,8937,5
91,322548210,649,656913,8939,7
92,322548204,600,656967,8940,6
93,322548201,539,657029,8942,3
94,322548196,495,657076,8944,5
95,322548195,454,657117,8945,1
96,322548193,428,657144,8946,2
97,322548191,396,657175,8949,2
98,322548187,370,657205,8949,4
99,322548180,350,657231,8950,7
100,322548174,334,657253,8950,6
101,322548172,304,657284,8951,2
102,322548170,288,657302,8951,2
103,322548163,266,657330,8952,7
104,322548162,247,657349,8953,1
105,322548161,228,657368,8954,1
106,322548159,212,657386,8954,2
107,322548157,202,657398,8954,2
108,322548156,183,657418,8954,1
109,322548154,170,657433,8954,2
110,322548152,162,657442,8955,2
111,322548151,154,657451,8955,1
112,322548150,146,657460,8955,1
113,322548150,136,657470,8955,0
114,322548150,120,657486,8955,0
115,322548145,114,657497,8955,5
116,322548145,108,657503,8955,0
117,322548145,100,657511,8955,0
118,322548145,89,657522,8955,0
119,322548134,95,657527,8955,11
120,322548123,98,657535,8955,11
121,322548114,98,657544,8955,9
122,322548107,99,657550,8955,7
123,322548098,105,657553,8955,9
124,322548085,112,657559,8955,13
125,322548073,121,657562,8955,12
126,322548053,139,657564,8955,20
127,322548036,154,657566,8955,17
128,322548017,170,657569,8955,19
129,322548001,181,657574,8955,16
130,322547982,196,657578,8955,19
131,322547959,217,657580,8955,23
132,322547928,247,657581,8955,31
133,322547895,278,657583,8955,33
134,322547859,298,657597,8957,36
135,322547819,323,657612,8957,40
136,322547781,351,657622,8957,38
137,322547746,378,657628,8959,35
138,322547690,424,657638,8959,56
139,322547629,470,657652,8960,61
140,322547568,519,657664,8960,61
141,322547508,559,657684,8960,60
142,322547425,625,657700,8961,83
143,322547349,681,657720,8961,76
144,322547264,749,657735,8963,85
145,322547188,805,657755,8963,76
146,322547088,882,657778,8963,100
147,322546984,954,657809,8964,104
148,322546839,1065,657843,8964,145
149,322546726,1142,657878,8965,113
150,322546612,1215,657917,8967,114
151,322546450,1339,657955,8967,162
152,322546297,1457,657987,8970,153
153,322546131,1566,658043,8971,166
154,322545947,1689,658100,8975,184
155,322545736,1838,658162,8975,211
156,322545517,1997,658221,8976,219
157,322545287,2144,658304,8976,230
158,322545017,2337,658377,8980,270
159,322544754,2513,658461,8983,263
160,322544449,2742,658534,8986,305
161,322544132,2958,658631,8990,317
162,322543785,3201,658732,8993,347
163,322543399,3442,658872,8998,386
164,322542937,3791,658985,8998,462
165,322542470,4144,659094,9003,467
166,322541964,4488,659251,9008,506
167,322541453,4846,659403,9009,511
168,322540917,5216,659568,9010,536
169,322540273,5675,659747,9016,644
170,322539557,6179,659955,9020,716
171,322538827,6690,660170,9024,730
172,322538047,7240,660397,9027,780
173,322537175,7842,660660,9034,872
174,322536244,8510,660920,9037,931
175,322535234,9215,661217,9045,1010
176,322534153,9979,661530,9049,1081
177,322532930,10855,661870,9056,1223
178,322531625,11774,662245,9067,1305
179,322530212,12725,662695,9079,1413
180,322528668,13802,663156,9085,1544
181,322527044,14920,663656,9091,1624
182,322525327,16126,664152,9106,1717
183,322523383,17534,664681,9113,1944
184,322521294,18979,665316,9122,2089
185,322519075,20482,666018,9136,2219
186,322516599,22228,666734,9150,2476
187,322513919,24128,667496,9168,2680
188,322511066,26109,668354,9182,2853
189,322507967,28277,669263,9204,3099
190,322504577,30657,670253,9224,3390
191,322500949,33204,671312,9246,3628
192,322497050,35880,672516,9265,3899
193,322492736,38889,673798,9288,4314
194,322487980,42232,675191,9308,4756
195,322482964,45704,676713,9330,5016
196,322477314,49730,678300,9367,5650
197,322471282,54045,679979,9405,6032
198,322464746,58637,681873,9455,6536
199,322457651,63643,683920,9497,7095
200,322449939,69136,686095,9541,7712
201,322441683,74916,688524,9588,8256
202,322432703,81216,691163,9629,8980
203,322423106,87960,693950,9695,9597
204,322412803,95164,696991,9753,10303
205,322401231,103346,700324,9810,11572
206,322388996,111953,703878,9884,12235
207,322375594,121456,707691,9970,13402
208,322361052,131684,711940,10035,14542
209,322345387,142593,716617,10114,15665
210,322328394,154570,721542,10205,16993
211,322309645,167669,727078,10319,18749
212,322289651,181631,732968,10461,19994
213,322268030,196716,739393,10572,21621
214,322244322,213329,746370,10690,23708
215,322218938,231001,753921,10851,25384
216,322191404,250279,761999,11029,27534
217,322161221,271482,770776,11232,30183
218,322128616,294490,780180,11425,32605
219,322093217,319586,790296,11612,35399
220,322055506,345725,801626,11854,37711
221,322013988,375008,813606,12109,41518
222,321968661,406933,826765,12352,45327
223,321920022,441030,840986,12673,48639
224,321867003,478384,856328,12996,53019
225,321815848,512546,872984,13333,51155
226,321754390,555255,891352,13714,61458
227,321687655,601996,910968,14092,66735
228,321615668,652362,932166,14515,71987
229,321537521,706801,955393,14996,78147
230,321452523,766415,980252,15521,84998
231,321360423,830981,1007257,16050,92100
232,321261177,900044,1036828,16662,99246
233,321153329,975287,1068805,17290,107848
234,321036528,1056689,1103483,18011,116801
235,320909453,1146053,1140380,18825,127075
236,320772564,1241424,1180993,19730,136889
237,320624429,1344232,1225408,20642,148135
238,320462634,1457388,1273080,21609,161795
239,320289096,1577907,1325021,22687,173538
240,320099701,1716147,1375139,23724,189395
241,319895566,1858824,1435335,24986,204135
242,319674366,2013289,1500746,26310,221200
243,319435360,2180308,1571301,27742,239006
244,319175793,2361728,1647844,29346,259567
245,318895105,2557418,1731185,31003,280688
246,318673577,2686846,1821473,32815,221528
247,318361715,2899462,1918717,34817,311862
248,318029612,3123717,2024475,36907,332103
249,317693430,3343098,2138901,39282,336182
250,317298379,3611074,2263352,41906,395051
251,316915656,3856908,2397420,44727,382723
252,316465111,4159318,2537525,52757,450545
253,316064014,4398620,2690546,61531,401097
254,315547850,4741246,2854552,71063,516164
255,315024545,5075156,3033459,81551,523305
256,314465208,5430358,3226350,92795,559337
257,313884270,5790096,3435207,105138,580938
258,313236056,6199304,3661000,118351,648214
259,312734882,6440911,3906127,132791,501174
260,312019193,6875912,4171359,148247,715689
261,311217864,7455713,4380845,160289,801329
262,310398309,7963406,4675447,177549,819555
263,309576223,8453389,4989378,195721,822086
264,308735805,8957625,5307044,214237,840418
265,307743809,9554570,5680238,236094,991996
266,307037498,9878158,6042021,257034,706311
267,306178926,10286185,6467848,281752,858572
268,305498643,10565371,6846820,303877,680283
269,304336933,11210917,7334544,332317,1161710
270,303081635,11942910,7829019,361147,1255298
271,302214281,12250927,8357317,392186,867354
272,301243745,12640525,8906560,423881,970536
273,300143660,13092396,9519306,459349,1100085
274,298742860,13992022,9992973,486856,1400800
275,297410599,14608594,10669097,526421,1332261
276,296145601,15072263,11426199,570648,1264998
277,294550597,15847712,12200533,615869,1595004
278,293208922,16367301,12977391,661097,1341675
279,291796675,16939130,13771327,707579,1412247
280,290550322,17193487,14708718,762184,1246353
281,289070006,17967492,15376205,801008,1480316
282,287285251,18893675,16187975,847810,1784755
283,286588544,18910099,16831090,884978,696707
284,284758194,19578739,17928889,948889,1830350
285,283575433,19506202,19115617,1017459,1182761
286,282150180,20064101,19935405,1065025,1425253
287,280390582,20853163,20852528,1118438,1759598
288,278795861,21347799,21891877,1179174,1594721
289,277178049,21564811,23215170,1256681,1617812
290,275887873,21522726,24474072,1330040,1290176
291,274774195,21371406,25669567,1399543,1113678
292,273468938,21081659,27177597,1486517,1305257
293,271941972,21266950,28445016,1560773,1526966
294,270225466,21571209,29779719,1638317,1716506
295,269148394,21401928,30957295,1707094,1077072
296,267721372,21348634,32356131,1788574,1427022
297,266975521,20309730,34042330,1887130,745851
298,266631883,19956661,34700319,1925848,343638
299,265542273,19215921,36429846,2026671,1089610
300,264298136,19277297,37547533,2091745,1244137
301,262672237,19477943,38894167,2170364,1625899
302,261709510,18681072,40557072,2267057,962727
303,260907498,17888363,42063501,2355349,802012
304,260125992,17052057,43592410,2444252,781506
305,259331957,16555916,44812139,2514699,794035
306,258637535,16136660,45864504,2576012,694422
307,257820096,15648842,47097832,2647941,817439
308,257117295,14824677,48540615,2732124,702801
309,256164026,14061440,50163003,2826242,953269
310,255511016,13637378,51180551,2885766,653010
311,254746209,12975163,52529007,2964332,764807
312,253970017,13005504,53233715,3005475,776192
313,253248345,13383538,53558349,3024479,721672
314,252584518,12957755,54588053,3084385,663827
315,251904574,12393562,55763727,3152848,679944
316,251493525,11178712,57300849,3241625,411049
317,251179725,10529785,58210221,3294980,313800
318,250486016,10421482,58967888,3339325,693709
319,250294201,9831791,59706524,3382195,191815
320,249926252,9405705,60456934,3425820,367949
321,249746525,8891010,61112968,3464208,179727
322,249319833,8500263,61885214,3509401,426692
323,248804921,8312374,62549433,3547983,514912
324,248574404,7589622,63450338,3600347,230517
325,248202189,7308827,64067303,3636392,372215
326,247945958,6800251,64790165,3678337,256231
327,247787581,6182436,65523556,3721138,158377
328,247451389,5796956,66205403,3760963,336192
329,247152109,5432409,66832548,3797645,299280
330,246801658,5102916,67475264,3834873,350451
331,246536163,4957362,67863674,3857512,265495
332,246304123,4875602,68160250,3874736,232040
333,245989715,4496301,68815691,3913004,314408
334,245845327,4448874,68996869,3923641,144388
335,245681099,4245153,69344395,3944064,164228
336,245524278,4222247,69514257,3953929,156821
337,245448171,3871662,69917552,3977326,76107
338,245410450,3394471,70404024,4005766,37721
339,245248292,3326112,70621927,4018380,162158
340,244989144,3213045,70986665,4025857,259148
341,244842514,3103444,71237747,4031006,146630
342,244818064,2969517,71392974,4034156,24450
343,244626611,2824778,71722351,4040971,191453
344,244585442,2566667,72015664,4046938,41169
345,244492114,2309544,72359233,4053820,93328
346,244338637,2197526,72619463,4059085,153477
347,244300486,2003637,72846910,4063678,38151
348,244219117,1770598,73155048,4069948,81369
349,244171105,1674222,73296458,4072926,48012
350,244124910,1556189,73457314,4076298,46195
351,244052636,1471642,73610971,4079462,72274
352,244004702,1443469,73685539,4081001,47934
353,243961960,1448490,73722513,4081748,42742
354,243862713,1385579,73881331,4085088,99247
355,243823631,1165513,74135296,4090271,39082
356,243811143,1031371,74279013,4093184,12488
357,243762504,1055560,74302958,4093689,48639
358,243736571,890040,74490525,4097575,25933
359,243725777,859665,74530861,4098408,10794
360,243683402,808712,74622338,4100259,42375
361,243650083,688554,74772763,4103311,33319
362,243617308,683178,74810195,4104030,32775
363,243572423,646694,74889900,4105694,44885
364,243547204,623901,74936871,4106735,25219
365,243542423,582487,74982131,4107670,4781
366,243525929,526707,75052908,4109167,16494
367,243510782,493920,75099868,4110141,15147
368,243491475,470485,75141762,4110989,19307
369,243471574,391139,75239034,4112964,19901
370,243467874,355757,75277308,4113772,3700
371,243465648,345495,75289538,4114030,2226
372,243455917,306587,75337181,4115026,9731
373,243454025,282546,75362633,4115507,1892
374,243439870,285907,75373229,4115705,14155
375,243431907,251495,75414723,4116586,7963
376,243429561,220522,75447405,4117223,2346
377,243415770,201538,75479489,4117914,13791
378,243413219,159204,75523513,4118775,2551
379,243406047,141157,75548191,4119316,7172
380,243402113,140310,75552868,4119420,3934
381,243395662,130267,75569080,4119702,6451
382,243394346,116436,75583938,4119991,1316
383,243387088,104387,75602857,4120379,7258
384,243382517,89057,75622395,4120742,4571
385,243378209,89665,75626019,4120818,4308
386,243375626,90022,75628197,4120866,2583
387,243367944,87973,75637727,4121067,7682
388,243363514,90511,75639582,4121104,4430
389,243359441,80429,75653474,4121367,4073
390,243357189,74718,75661278,4121526,2252
391,243353375,76186,75663576,4121574,3814
392,243348748,67022,75677108,4121833,4627
393,243343956,69263,75679598,4121894,4792
394,243340650,65397,75686620,4122044,3306
395,243337531,64582,75690479,4122119,3119
396,243335804,59858,75696805,4122244,1727
397,243334007,60339,75698092,4122273,1797
398,243330112,56976,75705198,4122425,3895
399,243328496,54021,75709684,4122510,1616
400,243325886,52323,75713895,4122607,2610
401,243324367,51259,75716429,4122656,1519
402,243322812,45132,75723934,4122833,1555
403,243320654,42860,75728260,4122937,2158
404,243320145,39296,75732234,4123036,509
405,243319042,38147,75734436,4123086,1103
406,243318019,35356,75738157,4123179,1023
407,243317604,31144,75742706,4123257,415
408,243316219,27737,75747390,4123365,1385
409,243315921,24729,75750614,4123447,298
410,243314881,22650,75753666,4123514,1040
411,243313338,22466,75755358,4123549,1543
412,243313069,20938,75757106,4123598,269
413,243312472,17640,75760938,4123661,597
414,243311629,16867,75762525,4123690,843
415,243310843,15043,75765080,4123745,786
416,243309834,14533,75766559,4123785,1009
417,243309669,13143,75768090,4123809,165
418,243309433,11221,75770208,4123849,236
419,243308690,11455,75770706,4123860,743
420,243308578,10464,75771782,4123887,112
421,243308260,9759,75772773,4123919,318
422,243307985,9619,75773183,4123924,275
423,243307885,8334,75774545,4123947,100
424,243307641,8280,75774834,4123956,244
425,243307144,7737,75775848,4123982,497
426,243306928,6410,75777352,4124021,216
427,243306702,6367,75777611,4124031,226
428,243306397,6075,75778196,4124043,305
429,243306123,5506,75779022,4124060,274
430,243305872,4971,75779796,4124072,251
431,243305723,4111,75780779,4124098,149
432,243305617,4052,75780938,4124104,106
433,243305432,4001,75781168,4124110,185
434,243305158,3532,75781897,4124124,274
435,243304965,3613,75782006,4124127,193
436,243304857,3403,75782317,4124134,108
437,243304812,3173,75782590,4124136,45
438,243304730,3155,75782686,4124140,82
439,243304697,2944,75782927,4124143,33
440,243304609,2535,75783412,4124155,88
441,243304499,2429,75783624,4124159,110
442,243304450,2252,75783845,4124164,49
443,243304336,2061,75784141,4124173,114
444,243304315,1808,75784408,4124180,21
445,243304235,1637,75784657,4124182,80
446,243304211,1512,75784804,4124184,24
447,243304168,1449,75784909,4124185,43
448,243304111,1321,75785092,4124187,57
449,243304085,1073,75785360,4124193,26
450,243304038,927,75785545,4124201,47
451,243303989,868,75785653,4124201,49
452,243303951,861,75785698,4124201,38
453,243303943,787,75785779,4124202,8
454,243303902,795,75785812,4124202,41
455,243303861,748,75785896,4124206,41
456,243303831,668,75786005,4124207,30
457,243303798,652,75786054,4124207,33
458,243303775,561,75786164,4124211,23
459,243303761,554,75786185,4124211,14
460,243303744,491,75786264,4124212,17
461,243303735,476,75786287,4124213,9
462,243303710,458,75786328,4124215,25
463,243303681,430,75786384,4124216,29
464,243303664,421,75786410,4124216,17
465,243303649,389,75786456,4124217,15
466,243303628,361,75786503,4124219,21
467,243303607,344,75786541,4124219,21
468,243303594,349,75786549,4124219,13
469,243303590,312,75786590,4124219,4
470,243303587,274,75786631,4124219,3
471,243303577,254,75786661,4124219,10
472,243303560,238,75786692,4124221,17
473,243303554,221,75786714,4124222,6
474,243303551,210,75786728,4124222,3
475,243303536,208,75786744,4124223,15
476,243303527,208,75786753,4124223,9
477,243303516,194,75786777,4124224,11
478,243303506,175,75786806,4124224,10
479,243303498,166,75786823,4124224,8
480,243303485,164,75786838,4124224,13
481,243303476,152,75786859,4124224,9
482,243303469,138,75786880,4124224,7
483,243303466,128,75786893,4124224,3
484,243303461,129,75786897,4124224,5
485,243303453,134,75786900,4124224,8
486,243303450,127,75786910,4124224,3
487,243303446,114,75786927,4124224,4
488,243303441,113,75786933,4124224,5
489,243303435,116,75786936,4124224,6
490,243303435,101,75786951,4124224,0
491,243303432,95,75786960,4124224,3
492,243303429,87,75786970,4124225,3
493,243303429,77,75786980,4124225,0
494,243303427,71,75786988,4124225,2
495,243303424,61,75787001,4124225,3
496,243303423,53,75787010,4124225,1
497,243303419,50,75787016,4124226,4
498,243303417,49,75787019,4124226,2
499,243303414,47,75787024,4124226,3
500,243303412,41,75787032,4124226,2
501,243303412,38,75787035,4124226,0
502,243303410,36,75787039,4124226,2
503,243303410,31,75787044,4124226,0
504,243303409,26,75787050,4124226,1
505,243303409,26,75787050,4124226,0
506,243303408,24,75787053,4124226,1
507,243303407,22,75787056,4124226,1
508,243303405,24,75787056,4124226,2
509,243303405,22,75787058,4124226,0
510,243303404,20,75787061,4124226,1
511,243303404,19,75787062,4124226,0
512,243303403,16,75787066,4124226,1
513,243303403,14,75787068,4124226,0
514,243303402,12,75787070,4124227,1
515,243303402,10,75787072,4124227,0
516,243303401,11,75787072,4124227,1
517,243303401,9,75787074,4124227,0
518,243303401,9,75787074,4124227,0
519,243303401,8,75787075,4124227,0
520,243303401,8,75787075,4124227,0
521,243303401,7,75787076,4124227,0
522,243303401,6,75787077,4124227,0
523,243303401,4,75787079,4124227,0
524,243303401,4,75787079,4124227,0
525,243303401,3,75787080,4124227,0
526,243303401,3,75787080,4124227,0
527,243303401,2,75787081,4124227,0
528,243303401,2,75787081,4124227,0
529,243303401,1,75787082,4124227,0
530,243303401,1,75787082,4124227,0
531,243303401,0,75787083,4124227,0
