Day, Susceptible, Infected, Recovered, Dead, New Cases
1, 322607393, 392607, 214711, 0, 0
2, 322562012, 409760, 242376, 563, 45381
3, 322513893, 432043, 267677, 1098, 48119
4, 322462946, 458780, 291376, 1609, 50947
5, 322408696, 490655, 313349, 2011, 54250
6, 322349537, 528820, 333916, 2438, 59159
7, 322285784, 573300, 352820, 2807, 63753
8, 322216579, 624389, 370598, 3145, 69205
9, 322140842, 683546, 386853, 3470, 75737
10, 322057410, 751528, 401975, 3798, 83432
11, 321965379, 829191, 416085, 4056, 92031
12, 321863742, 917694, 428939, 4336, 101637
13, 321750869, 1018045, 441221, 4576, 112873
14, 321625902, 1131350, 452622, 4837, 124967
15, 321486063, 1260460, 463124, 5064, 139839
16, 321330713, 1405900, 472851, 5247, 155350
17, 321163900, 1518153, 526250, 6408, 166813
18, 320981984, 1643424, 581741, 7562, 181916
19, 320784833, 1781666, 639482, 8730, 197151
20, 320571518, 1933255, 699948, 9990, 213315
21, 320339835, 2098788, 764815, 11273, 231683
22, 320088574, 2279883, 833616, 12638, 251261
23, 319816516, 2476900, 907147, 14148, 272058
24, 319520127, 2692057, 986736, 15791, 296389
25, 319201334, 2922230, 1073564, 17583, 318793
26, 318851357, 3175433, 1168413, 19508, 349977
27, 318502401, 3418284, 1272385, 21641, 348956
28, 318095838, 3707862, 1386976, 24035, 406563
29, 317656561, 4018365, 1508642, 31143, 439277
30, 317197809, 4333830, 1644083, 38989, 458752
31, 316713375, 4659594, 1793997, 47745, 484434
32, 316164884, 5038264, 1954511, 57052, 548491
33, 315571643, 5446849, 2128927, 67292, 593241
34, 314943236, 5875452, 2317608, 78415, 628407
35, 314257600, 6345327, 2521416, 90368, 685636
36, 313598220, 6770754, 2742566, 103171, 659380
37, 312876150, 7239444, 2981890, 117227, 722070
38, 312035343, 7806234, 3240434, 132700, 840807
39, 311416762, 8126563, 3522368, 149018, 618581
40, 310527546, 8695370, 3825554, 166241, 889216
41, 309576289, 9295078, 4157694, 185650, 951257
42, 308590954, 9930045, 4489094, 204618, 985335
43, 307654714, 10458429, 4874498, 227070, 936240
44, 306577061, 11095479, 5290833, 251338, 1077653
45, 305569253, 11643409, 5725098, 276951, 1007808
46, 304404151, 12323036, 6184003, 303521, 1165102
47, 303166470, 13011219, 6703185, 333837, 1237681
48, 301815783, 13767719, 7264483, 366726, 1350687
49, 300512678, 14441596, 7858938, 401499, 1303105
50, 298974131, 15293706, 8507332, 439542, 1538547
51, 297443533, 16164163, 9131220, 475795, 1530598
52, 295790721, 17094209, 9814278, 515503, 1652812
53, 294079630, 17963902, 10609401, 561778, 1711091
54, 292570547, 18853844, 11194401, 595919, 1509083
55, 290674731, 19859908, 12034898, 645174, 1895816
56, 288936849, 20646055, 12934427, 697380, 1737882
57, 287517381, 21079703, 13865735, 751892, 1419468
58, 286776649, 20883736, 14751207, 803119, 740732
59, 285588249, 20994065, 15769335, 863062, 1188400
60, 284192877, 21381278, 16722194, 918362, 1395372
61, 282674508, 21734177, 17823509, 982517, 1518369
62, 280758122, 22412571, 18993282, 1050736, 1916386
63, 278998671, 22821049, 20269950, 1125041, 1759451
64, 277417062, 23099282, 21501539, 1196828, 1581609
65, 276020921, 22956620, 22955243, 1281927, 1396141
66, 274405450, 23041236, 24401466, 1366559, 1615471
67, 273302793, 22490846, 25963485, 1457587, 1102657
68, 271788890, 22293459, 27580344, 1552018, 1513903
69, 271329485, 21243571, 29006732, 1634923, 459405
70, 269764536, 20912526, 30798406, 1739243, 1564949
71, 268509784, 20429231, 32440517, 1835179, 1254752
72, 267247027, 20272362, 33781892, 1913430, 1262757
73, 266314849, 20463672, 34482060, 1954130, 932178
74, 264640230, 20949754, 35605539, 2019188, 1674619
75, 263746314, 20448186, 36924033, 2096178, 893916
76, 262475204, 20200823, 38358575, 2180109, 1271110
77, 261284741, 19474795, 40169200, 2285975, 1190463
78, 260318929, 18681063, 41832023, 2382696, 965812
79, 259193501, 18224788, 43326586, 2469836, 1125428
80, 258263808, 17758236, 44645926, 2546741, 929693
81, 257399299, 17007198, 46172724, 2635490, 864509
82, 256943201, 16360577, 47215062, 2695871, 456098
83, 255813518, 15976291, 48645496, 2779406, 1129683
84, 255080673, 16249673, 49079688, 2804677, 732845
85, 254581619, 15183724, 50558928, 2890440, 499054
86, 254049837, 14460705, 51744324, 2959845, 531782
87, 253280018, 13967714, 52937807, 3029172, 769819
88, 252803430, 13512079, 53818662, 3080540, 476588
89, 252189027, 12451818, 55400873, 3172993, 614403
90, 251826686, 11920202, 56245494, 3222329, 362341
91, 251002507, 11473239, 57446742, 3292223, 824179
92, 250720665, 10564570, 58571711, 3357765, 281842
93, 250403553, 9915839, 59484089, 3411230, 317112
94, 250295200, 8898738, 60547568, 3473205, 108353
95, 250136260, 8127946, 61426166, 3524339, 158940
96, 249670802, 7728858, 62242956, 3572095, 465458
97, 249307485, 7636052, 62673873, 3597301, 363317
98, 249108000, 6705832, 63741461, 3659418, 199485
99, 248894291, 6186672, 64433884, 3699864, 213709
100, 248718668, 5863220, 64905342, 3727481, 175623
101, 248438612, 5611472, 65407935, 3756692, 280056
102, 248172384, 5107862, 66135781, 3798684, 266228
103, 248098284, 4705356, 66585887, 3825184, 74100
104, 247948904, 4240321, 67166005, 3859481, 149380
105, 247799979, 4026891, 67508218, 3879623, 148925
106, 247650727, 3351941, 68287160, 3924883, 149252
107, 247462388, 3258429, 68553530, 3940364, 188339
108, 247318716, 3084976, 68864419, 3946600, 143672
109, 247236690, 3058642, 68970604, 3948775, 82026
110, 247209082, 2927305, 69126354, 3951970, 27608
111, 247073639, 2597283, 69582452, 3961337, 135443
112, 247003945, 2303653, 69938422, 3968691, 69694
113, 246934187, 2173918, 70133941, 3972665, 69758
114, 246875672, 2018712, 70343302, 3977025, 58515
115, 246851472, 1867285, 70515433, 3980521, 24200
116, 246796298, 1642394, 70789831, 3986188, 55174
117, 246738455, 1434004, 71050767, 3991485, 57843
118, 246733044, 1365305, 71123377, 3992985, 5411
119, 246683554, 1265411, 71269789, 3995957, 49490
120, 246646724, 1153313, 71415699, 3998975, 36830
121, 246613947, 1036833, 71561829, 4002102, 32777
122, 246567548, 894890, 71746464, 4005809, 46399
123, 246525745, 793016, 71887279, 4008671, 41803
124, 246503794, 732937, 71967716, 4010264, 21951
125, 246482593, 726529, 71994754, 4010835, 21201
126, 246474079, 599595, 72127423, 4013614, 8514
127, 246466458, 537520, 72195741, 4014992, 7621
128, 246440457, 493760, 72264061, 4016433, 26001
129, 246426492, 449207, 72321415, 4017597, 13965
130, 246404487, 447008, 72345106, 4018110, 22005
131, 246399808, 396510, 72399254, 4019139, 4679
132, 246387853, 350620, 72455958, 4020280, 11955
133, 246371194, 361868, 72461246, 4020403, 16659
134, 246360432, 323138, 72509757, 4021384, 10762
135, 246338766, 307973, 72545856, 4022116, 21666
136, 246329895, 284065, 72577960, 4022791, 8871
137, 246311534, 256027, 72623458, 4023692, 18361
138, 246300041, 225716, 72664405, 4024549, 11493
139, 246296996, 206809, 72685910, 4024996, 3045
140, 246295397, 187203, 72706666, 4025445, 1599
141, 246290427, 183659, 72715006, 4025619, 4970
142, 246285514, 180951, 72722440, 4025806, 4913
143, 246280215, 160249, 72747923, 4026324, 5299
144, 246272336, 154162, 72761616, 4026597, 7879
145, 246265389, 139104, 72783154, 4027064, 6947
146, 246260895, 138918, 72787738, 4027160, 4494
147, 246253738, 134120, 72799425, 4027428, 7157
148, 246249974, 121225, 72815745, 4027767, 3764
149, 246246692, 113745, 72826279, 4027995, 3282
150, 246243508, 95262, 72847512, 4028429, 3184
151, 246238722, 91177, 72856221, 4028591, 4786
152, 246236083, 75454, 72874275, 4028899, 2639
153, 246232625, 67419, 72885542, 4029125, 3458
154, 246230711, 66288, 72888531, 4029181, 1914
155, 246227456, 67943, 72890105, 4029207, 3255
156, 246221461, 68968, 72894984, 4029298, 5995
157, 246219431, 66085, 72899787, 4029408, 2030
158, 246217536, 62681, 72904981, 4029513, 1895
159, 246214719, 57619, 72912697, 4029676, 2817
160, 246214180, 51211, 72919504, 4029816, 539
161, 246212724, 48173, 72923895, 4029919, 1456
162, 246211375, 42365, 72930906, 4030065, 1349
163, 246209480, 40496, 72934586, 4030149, 1895
164, 246207625, 39069, 72937802, 4030215, 1855
165, 246207186, 36324, 72940913, 4030288, 439
166, 246206008, 32716, 72945600, 4030387, 1178
167, 246205024, 31061, 72948188, 4030438, 984
168, 246204158, 28469, 72951582, 4030502, 866
169, 246203381, 27332, 72953462, 4030536, 777
170, 246202623, 24835, 72956660, 4030593, 758
171, 246201536, 19927, 72962529, 4030719, 1087
172, 246200516, 18917, 72964514, 4030764, 1020
173, 246200290, 17248, 72966371, 4030802, 226
174, 246199194, 15527, 72969136, 4030854, 1096
175, 246199112, 15070, 72969663, 4030866, 82
176, 246198685, 14041, 72971090, 4030895, 427
177, 246198289, 13088, 72972417, 4030917, 396
178, 246197739, 11743, 72974266, 4030963, 550
179, 246197399, 10228, 72976071, 4031013, 340
180, 246197358, 9830, 72976504, 4031019, 41
181, 246196883, 9127, 72977663, 4031038, 475
182, 246196789, 8236, 72978624, 4031062, 94
183, 246196563, 7596, 72979472, 4031080, 226
184, 246196222, 7160, 72980233, 4031096, 341
185, 246195762, 6862, 72980976, 4031111, 460
186, 246195582, 5955, 72982045, 4031129, 180
187, 246195205, 5312, 72983046, 4031148, 377
188, 246195051, 5240, 72983266, 4031154, 154
189, 246194903, 4292, 72984343, 4031173, 148
190, 246194747, 4366, 72984424, 4031174, 156
191, 246194538, 4148, 72984845, 4031180, 209
192, 246194323, 3967, 72985236, 4031185, 215
193, 246194068, 3672, 72985769, 4031202, 255
194, 246194038, 3362, 72986102, 4031209, 30
195, 246193870, 3489, 72986143, 4031209, 168
196, 246193823, 3061, 72986607, 4031220, 47
197, 246193710, 3080, 72986699, 4031222, 113
198, 246193572, 2992, 72986916, 4031231, 138
199, 246193540, 2683, 72987247, 4031241, 32
200, 246193452, 2311, 72987706, 4031242, 88
201, 246193432, 2151, 72987884, 4031244, 20
202, 246193329, 1877, 72988253, 4031252, 103
203, 246193217, 1835, 72988404, 4031255, 112
204, 246193160, 1744, 72988547, 4031260, 57
205, 246193107, 1641, 72988699, 4031264, 53
206, 246193025, 1514, 72988903, 4031269, 82
207, 246192952, 1372, 72989115, 4031272, 73
208, 246192906, 1163, 72989365, 4031277, 46
209, 246192810, 1229, 72989395, 4031277, 96
210, 246192768, 1103, 72989560, 4031280, 42
211, 246192734, 1090, 72989607, 4031280, 34
212, 246192726, 985, 72989720, 4031280, 8
213, 246192659, 914, 72989854, 4031284, 67
214, 246192654, 887, 72989886, 4031284, 5
215, 246192631, 822, 72989972, 4031286, 23
216, 246192619, 814, 72989992, 4031286, 12
217, 246192598, 732, 72990094, 4031287, 21
218, 246192590, 628, 72990204, 4031289, 8
219, 246192557, 604, 72990258, 4031292, 33
220, 246192543, 565, 72990311, 4031292, 14
221, 246192511, 515, 72990391, 4031294, 32
222, 246192506, 447, 72990464, 4031294, 5
223, 246192494, 413, 72990510, 4031294, 12
224, 246192467, 344, 72990605, 4031295, 27
225, 246192451, 318, 72990646, 4031296, 16
226, 246192438, 297, 72990679, 4031297, 13
227, 246192429, 297, 72990688, 4031297, 9
228, 246192421, 238, 72990754, 4031298, 8
229, 246192419, 235, 72990759, 4031298, 2
230, 246192407, 224, 72990780, 4031300, 12
231, 246192395, 224, 72990791, 4031301, 12
232, 246192382, 216, 72990812, 4031301, 13
233, 246192378, 212, 72990820, 4031301, 4
234, 246192368, 189, 72990851, 4031303, 10
235, 246192351, 192, 72990865, 4031303, 17
236, 246192350, 161, 72990897, 4031303, 1
237, 246192342, 164, 72990902, 4031303, 8
238, 246192340, 154, 72990914, 4031303, 2
239, 246192330, 137, 72990941, 4031303, 10
240, 246192327, 124, 72990957, 4031303, 3
241, 246192320, 118, 72990970, 4031303, 7
242, 246192317, 112, 72990978, 4031304, 3
243, 246192314, 107, 72990985, 4031305, 3
244, 246192306, 113, 72990987, 4031305, 8
245, 246192299, 108, 72990999, 4031305, 7
246, 246192293, 102, 72991010, 4031306, 6
247, 246192290, 92, 72991022, 4031307, 3
248, 246192284, 94, 72991026, 4031307, 6
249, 246192283, 85, 72991036, 4031307, 1
250, 246192280, 71, 72991052, 4031308, 3
251, 246192279, 71, 72991053, 4031308, 1
252, 246192278, 64, 72991061, 4031308, 1
253, 246192272, 68, 72991063, 4031308, 6
254, 246192269, 61, 72991073, 4031308, 3
255, 246192264, 63, 72991075, 4031309, 5
256, 246192261, 59, 72991081, 4031310, 3
257, 246192258, 59, 72991084, 4031310, 3
258, 246192257, 57, 72991087, 4031310, 1
259, 246192256, 50, 72991095, 4031310, 1
260, 246192252, 47, 72991101, 4031311, 4
261, 246192251, 42, 72991107, 4031311, 1
262, 246192250, 40, 72991109, 4031312, 1
263, 246192249, 35, 72991115, 4031312, 1
264, 246192246, 37, 72991116, 4031312, 3
265, 246192246, 34, 72991119, 4031312, 0
266, 246192243, 36, 72991120, 4031312, 3
267, 246192242, 36, 72991121, 4031312, 1
268, 246192240, 32, 72991126, 4031313, 2
269, 246192240, 29, 72991129, 4031313, 0
270, 246192236, 28, 72991134, 4031313, 4
271, 246192235, 26, 72991137, 4031313, 1
272, 246192235, 23, 72991140, 4031313, 0
273, 246192234, 23, 72991141, 4031313, 1
274, 246192233, 23, 72991142, 4031313, 1
275, 246192232, 20, 72991146, 4031313, 1
276, 246192231, 20, 72991147, 4031313, 1
277, 246192230, 20, 72991148, 4031313, 1
278, 246192230, 19, 72991149, 4031313, 0
279, 246192229, 17, 72991152, 4031313, 1
280, 246192227, 19, 72991152, 4031313, 2
281, 246192225, 18, 72991155, 4031313, 2
282, 246192224, 18, 72991156, 4031313, 1
283, 246192224, 16, 72991158, 4031313, 0
284, 246192224, 16, 72991158, 4031313, 0
285, 246192221, 15, 72991162, 4031313, 3
286, 246192221, 14, 72991163, 4031313, 0
287, 246192219, 16, 72991163, 4031313, 2
288, 246192219, 15, 72991163, 4031314, 0
289, 246192218, 15, 72991164, 4031314, 1
290, 246192218, 14, 72991165, 4031314, 0
291, 246192217, 14, 72991166, 4031314, 1
292, 246192217, 13, 72991167, 4031314, 0
293, 246192217, 13, 72991167, 4031314, 0
294, 246192215, 14, 72991168, 4031314, 2
295, 246192215, 12, 72991170, 4031314, 0
296, 246192215, 10, 72991172, 4031314, 0
297, 246192215, 9, 72991173, 4031314, 0
298, 246192215, 9, 72991173, 4031314, 0
299, 246192214, 10, 72991173, 4031314, 1
300, 246192214, 7, 72991176, 4031314, 0
301, 246192213, 8, 72991176, 4031314, 1
302, 246192213, 6, 72991178, 4031314, 0
303, 246192212, 7, 72991178, 4031314, 1
304, 246192211, 7, 72991179, 4031314, 1
305, 246192211, 7, 72991179, 4031314, 0
306, 246192211, 6, 72991180, 4031314, 0
307, 246192211, 6, 72991180, 4031314, 0
308, 246192211, 6, 72991180, 4031314, 0
309, 246192211, 4, 72991182, 4031314, 0
310, 246192211, 4, 72991182, 4031314, 0
311, 246192211, 4, 72991182, 4031314, 0
312, 246192211, 4, 72991182, 4031314, 0
313, 246192211, 4, 72991182, 4031314, 0
314, 246192211, 3, 72991183, 4031314, 0
315, 246192211, 3, 72991183, 4031314, 0
316, 246192211, 2, 72991184, 4031314, 0
317, 246192211, 2, 72991184, 4031314, 0
318, 246192211, 1, 72991185, 4031314, 0
319, 246192211, 0, 72991186, 4031314, 0