Day, Susceptible, Infected, Recovered, Dead, New Cases
1,322607393,392607,214711,0,0
2,322603764,368401,241986,560,3629
3,322600298,346095,267243,1075,3466
4,322597079,325046,291015,1571,3219
5,322594032,305617,313025,2037,3047
6,322591198,287440,333616,2457,2834
7,322588516,270776,352585,2834,2682
8,322585965,255154,370393,3199,2551
9,322583610,240577,386948,3576,2355
10,322581343,227217,402272,3879,2267
11,322579088,215039,416418,4166,2255
12,322577026,203871,429400,4414,2062
13,322575111,193302,441635,4663,1915
14,322573285,183636,452896,4894,1826
15,322571567,174652,463354,5138,1718
16,322569872,166403,473095,5341,1695
17,322568330,155150,485624,5607,1542
18,322566889,144420,497554,5848,1441
19,322565569,134606,508471,6065,1320
20,322564342,125504,518588,6277,1227
21,322563202,116989,528050,6470,1140
22,322562136,109077,536857,6641,1066
23,322561100,101692,545097,6822,1036
24,322560160,94827,552752,6972,940
25,322559254,88422,559910,7125,906
26,322558429,82008,567000,7274,825
27,322557715,76266,573341,7389,714
28,322557035,71013,579155,7508,680
29,322556348,66072,584687,7604,687
30,322555705,61511,589777,7718,643
31,322555144,57253,594504,7810,561
32,322554643,53217,598934,7917,501
33,322554186,49447,603077,8001,457
34,322553769,45903,606953,8086,417
35,322553304,42776,610474,8157,465
36,322552947,39692,613861,8211,357
37,322552592,36904,616945,8270,355
38,322552251,34292,619840,8328,341
39,322551905,31941,622481,8384,346
40,322551611,29606,625056,8438,294
41,322551322,27557,627350,8482,289
42,322551061,25635,629488,8527,261
43,322550843,23789,631503,8576,218
44,322550641,22011,633450,8609,202
45,322550449,20422,635204,8636,192
46,322550242,18989,636818,8662,207
47,322550049,17684,638279,8699,193
48,322549905,16456,639628,8722,144
49,322549751,15340,640877,8743,154
50,322549614,14199,642136,8762,137
51,322549485,13241,643195,8790,129
52,322549361,12296,644238,8816,124
53,322549260,11416,645192,8843,101
54,322549157,10596,646096,8862,103
55,322549069,9860,646904,8878,88
56,322548989,9134,647686,8902,80
57,322548904,8520,648371,8916,85
58,322548821,7951,649009,8930,83
59,322548745,7409,649613,8944,76
60,322548690,6876,650186,8959,55
61,322548625,6386,650731,8969,65
62,322548567,5914,651248,8982,58
63,322548497,5507,651715,8992,70
64,322548442,5105,652160,9004,55
65,322548386,4734,652573,9018,56
66,322548340,4439,652906,9026,46
67,322548303,4114,653257,9037,37
68,322548266,3807,653595,9043,37
69,322548235,3521,653902,9053,31
70,322548204,3278,654166,9063,31
71,322548170,3040,654432,9069,34
72,322548148,2813,654679,9071,22
73,322548118,2620,654894,9079,30
74,322548093,2442,655091,9085,25
75,322548062,2294,655265,9090,31
76,322548038,2123,655459,9091,24
77,322548021,1963,655634,9093,17
78,322548007,1801,655804,9099,14
79,322547994,1676,655941,9100,13
80,322547983,1541,656082,9105,11
81,322547967,1445,656191,9108,16
82,322547952,1355,656295,9109,15
83,322547937,1251,656412,9111,15
84,322547926,1158,656512,9115,11
85,322547919,1074,656601,9117,7
86,322547910,994,656690,9117,9
87,322547902,923,656768,9118,8
88,322547897,834,656859,9121,5
89,322547894,776,656918,9123,3
90,322547887,710,656989,9125,7
91,322547879,656,657050,9126,8
92,322547870,618,657095,9128,9
93,322547860,583,657139,9129,10
94,322547856,547,657179,9129,4
95,322547852,512,657218,9129,4
96,322547849,477,657255,9130,3
97,322547847,441,657291,9132,2
98,322547841,403,657333,9134,6
99,322547837,378,657360,9136,4
100,322547835,360,657380,9136,2
101,322547832,332,657411,9136,3
102,322547832,316,657427,9136,0
103,322547831,297,657446,9137,1
104,322547827,278,657467,9139,4
105,322547824,263,657485,9139,3
106,322547824,241,657507,9139,0
107,322547822,226,657523,9140,2
108,322547821,205,657545,9140,1
109,322547819,193,657559,9140,2
110,322547817,186,657568,9140,2
111,322547817,173,657581,9140,0
112,322547814,164,657593,9140,3
113,322547813,151,657607,9140,1
114,322547813,136,657622,9140,0
115,322547811,128,657631,9141,2
116,322547809,122,657639,9141,2
117,322547809,113,657647,9142,0
118,322547809,107,657653,9142,0
119,322547807,101,657661,9142,2
120,322547805,94,657670,9142,2
121,322547805,94,657670,9142,0
122,322547775,115,657679,9142,30
123,322547752,131,657686,9142,23
124,322547724,153,657692,9142,28
125,322547690,184,657695,9142,34
126,322547649,222,657698,9142,41
127,322547595,273,657701,9142,54
128,322547528,339,657702,9142,67
129,322547450,410,657709,9142,78
130,322547348,505,657716,9142,102
131,322547222,625,657722,9142,126
132,322547062,783,657724,9142,160
133,322546867,973,657729,9142,195
134,322546633,1206,657730,9142,234
135,322546347,1489,657733,9142,286
136,322545967,1865,657737,9142,380
137,322545496,2304,657769,9142,471
138,322544929,2846,657794,9142,567
139,322544211,3534,657822,9144,718
140,322543343,4366,657857,9145,868
141,322542303,5363,657899,9146,1040
142,322540966,6645,657953,9147,1337
143,322539339,8205,658018,9149,1627
144,322537280,10183,658097,9151,2059
145,322534719,12642,658195,9155,2561
146,322531638,15596,658320,9157,3081
147,322527728,19344,658480,9159,3910
148,322522880,23995,658674,9162,4848
149,322517030,29610,658907,9164,5850
150,322509676,36678,659188,9169,7354
151,322500554,45420,659557,9180,9122
152,322489411,56092,660020,9188,11143
153,322475670,69265,660579,9197,13741
154,322458395,85822,661288,9206,17275
155,322437259,106090,662133,9229,21136
156,322410998,131311,663149,9253,26261
157,322378539,162432,664453,9287,32459
158,322338551,200793,666048,9319,39988
159,322288914,248371,668071,9355,49637
160,322227736,306988,670576,9411,61178
161,322151901,379742,673597,9471,75835
162,322058604,469127,677430,9550,93297
163,321943094,579789,682186,9642,115510
164,321800325,716707,687921,9758,142769
165,321623722,885956,695138,9895,176603
166,321404946,1095610,704085,10070,218776
167,321135095,1354318,715008,10290,269851
168,320802471,1673201,728470,10569,332624
169,320392122,2066274,745424,10891,410349
170,319885737,2551523,766155,11296,506385
171,319261648,3149351,791898,11814,624089
172,318554263,3824277,823672,12499,707385
173,317623809,4714743,862830,13329,930454
174,316494465,5794450,909673,16123,1129344
175,315099993,7127744,967552,19422,1394472
176,313386746,8765156,1039173,23636,1713247
177,311601470,10457135,1127239,28867,1785276
178,309123023,12820072,1236336,35280,2478447
179,306147052,15653274,1371058,43327,2975971
180,302948540,18675183,1537943,53045,3198512
181,298731736,22673211,1744686,65078,4216804
182,294820658,26314438,1999848,79767,3911078
183,289414509,31387963,2314131,98108,5406149
184,284888360,35503763,2702063,120525,4526149
185,279564368,40321370,3180731,148242,5323992
186,271646458,47615191,3770403,182659,7917910
187,265651607,52902657,4438821,221626,5994851
188,259560812,58062997,5318317,272585,6090795
189,251448767,65045698,6385255,334991,8112045
190,241337318,73762675,7702741,411977,10111449
191,236334630,77052116,9321990,505975,5002688
192,229324550,82276920,11009008,604233,7010080
193,221580420,87542603,13350887,740801,7744130
194,217041754,89105298,16162530,905129,4538666
195,212605795,90342745,19184641,1081530,4435959
196,205503652,93228084,23168656,1314319,7102143
197,201460663,93359995,26864723,1529330,4042989
198,194412097,95002412,31973401,1826801,7048566
199,189363841,95524519,36249791,2076560,5048256
200,186589420,92974948,41281287,2369056,2774421
201,184481500,87164958,48761994,2806259,2107920
202,182962491,82689116,54426438,3136666,1519009
203,180713412,78847400,60181948,3471951,2249079
204,178898747,72550020,67847524,3918420,1814665
205,177148932,64188386,77402295,4475098,1749815
206,174807773,61526857,82129971,4750110,2341159
207,173814754,55509796,88754638,5135523,993019
208,172786501,48793919,96072061,5562230,1028253
209,171929211,45112543,100361191,5811766,857290
210,171233345,41372450,104552643,6056273,695866
211,170345257,35158395,111264441,6446618,888088
212,169335761,32124902,115085614,6668434,1009496
213,168691026,25721071,121746361,7056253,644735
214,168032446,21331395,126516624,7334246,658580
215,167707616,18881804,129138033,7487258,324830
216,167327544,17153956,131130257,7602954,380072
217,167128856,15833635,132565202,7687018,198688
218,166889731,13823681,134690176,7811123,239125
219,166662752,12235995,136405369,7910595,226979
220,166409771,10739161,138058548,8007231,252981
221,166163143,8644630,140270201,8136737,246628
222,166010380,7804374,141208442,8191515,152763
223,165886481,6900020,142179823,8248387,123899
224,165776663,6152548,142990619,8294881,109818
225,165667895,5565450,143647965,8333401,108768
226,165568873,4776384,144487017,8382437,99022
227,165455137,3880624,145441117,8437833,113736
228,165374553,3316473,146050426,8473259,80584
229,165300942,2731504,146672571,8509694,73611
230,165266940,2440676,146990915,8516180,34002
231,165214487,2113057,147363493,8523674,52453
232,165191284,1937572,147558167,8527688,23203
233,165112202,1777529,147792499,8532481,79082
234,165085533,1577219,148014913,8537046,26669
235,165055281,1354490,148262791,8542149,30252
236,165030869,1132274,148504468,8547100,24412
237,165013306,997074,148654184,8550147,17563
238,164996411,890070,148775560,8552670,16895
239,164984521,792142,148883153,8554895,11890
240,164966448,701447,148989781,8557035,18073
241,164956354,612519,149086856,8558982,10094
242,164943879,511258,149198383,8561191,12475
243,164923995,450558,149277394,8562764,19884
244,164916221,384721,149349556,8564213,7774
245,164911292,355648,149382861,8564910,4929
246,164901964,312523,149434238,8565986,9328
247,164890375,300909,149456972,8566455,11589
248,164883935,228267,149534406,8568103,6440
249,164880374,205159,149560554,8568624,3561
250,164876003,179278,149590188,8569242,4371
251,164872235,158634,149614090,8569752,3768
252,164869111,144195,149631283,8570122,3124
253,164866654,129757,149647839,8570461,2457
254,164865190,119331,149659516,8570674,1464
255,164859643,106805,149677260,8571003,5547
256,164857745,98609,149687156,8571201,1898
257,164856273,87606,149699415,8571417,1472
258,164854320,69675,149718906,8571810,1953
259,164853266,62955,149726514,8571976,1054
260,164852596,58696,149731352,8572067,670
261,164851382,50582,149740487,8572260,1214
262,164850383,39992,149751879,8572457,999
263,164849734,34201,149758188,8572588,649
264,164849321,31053,149761664,8572673,413
265,164848855,27148,149765951,8572757,466
266,164848390,23845,149769645,8572831,465
267,164848001,21110,149772708,8572892,389
268,164847690,18964,149775113,8572944,311
269,164847483,17707,149776548,8572973,207
270,164846741,12902,149781973,8573095,742
271,164846541,11204,149783818,8573148,200
272,164846371,9902,149785263,8573175,170
273,164846126,8194,149787170,8573221,245
274,164845993,7273,149788197,8573248,133
275,164845904,6692,149788857,8573258,89
276,164845768,5614,149790048,8573281,136
277,164845648,4735,149791025,8573303,120
278,164845563,4171,149791661,8573316,85
279,164845502,3819,149792062,8573328,61
280,164845444,3411,149792520,8573336,58
281,164845374,3016,149792974,8573347,70
282,164845319,2682,149793359,8573351,55
283,164845209,2481,149793664,8573357,110
284,164845125,2358,149793869,8573359,84
285,164845073,1668,149794599,8573371,52
286,164845055,1486,149794795,8573375,18
287,164845035,1336,149794961,8573379,20
288,164845007,1119,149795198,8573387,28
289,164844985,1008,149795325,8573393,22
290,164844975,929,149795414,8573393,10
291,164844953,815,149795548,8573395,22
292,164844909,739,149795667,8573396,44
293,164844873,690,149795751,8573397,36
294,164844863,639,149795812,8573397,10
295,164844858,586,149795869,8573398,5
296,164844838,536,149795939,8573398,20
297,164844830,489,149795993,8573399,8
298,164844820,389,149796101,8573401,10
299,164844815,310,149796183,8573403,5
300,164844805,268,149796234,8573404,10
301,164844802,253,149796251,8573405,3
302,164844797,238,149796271,8573405,5
303,164844796,211,149796298,8573406,1
304,164844791,194,149796319,8573407,5
305,164844787,188,149796329,8573407,4
306,164844784,169,149796351,8573407,3
307,164844779,130,149796393,8573409,5
308,164844776,97,149796429,8573409,3
309,164844775,88,149796439,8573409,1
310,164844775,83,149796444,8573409,0
311,164844772,66,149796464,8573409,3
312,164844772,58,149796472,8573409,0
313,164844771,49,149796481,8573410,1
314,164844771,44,149796486,8573410,0
315,164844771,34,149796496,8573410,0
316,164844771,31,149796498,8573411,0
317,164844771,26,149796503,8573411,0
318,164844771,25,149796504,8573411,0
319,164844771,20,149796509,8573411,0
320,164844771,16,149796513,8573411,0
321,164844770,14,149796516,8573411,1
322,164844769,10,149796521,8573411,1
323,164844769,7,149796524,8573411,0
324,164844768,7,149796525,8573411,1
325,164844768,7,149796525,8573411,0
326,164844768,4,149796528,8573411,0
327,164844768,4,149796528,8573411,0
328,164844768,3,149796529,8573411,0
329,164844768,3,149796529,8573411,0
330,164844768,3,149796529,8573411,0
331,164844768,3,149796529,8573411,0
332,164844768,3,149796529,8573411,0
333,164844768,3,149796529,8573411,0
334,164844768,3,149796529,8573411,0
335,164844768,3,149796529,8573411,0
336,164844768,2,149796530,8573411,0
337,164844768,1,149796531,8573411,0
338,164844768,1,149796531,8573411,0
339,164844768,0,149796532,8573411,0
