Day, Susceptible, Infected, Recovered, Dead, New Cases
1, 322607393, 392607, 214711, 0, 0
2, 322596509, 375390, 242287, 525, 10884
3, 322585952, 360151, 267559, 1049, 10557
4, 322575901, 346053, 291176, 1581, 10051
5, 322566211, 333293, 313183, 2024, 9690
6, 322556663, 321942, 333650, 2456, 9548
7, 322547539, 311601, 352719, 2852, 9124
8, 322538791, 302349, 370358, 3213, 8748
9, 322530145, 294226, 386772, 3568, 8646
10, 322521808, 287024, 401989, 3890, 8337
11, 322513719, 280533, 416275, 4184, 8089
12, 322505701, 275107, 429432, 4471, 8018
13, 322497822, 270666, 441493, 4730, 7879
14, 322490028, 266883, 452851, 4949, 7794
15, 322482374, 263849, 463352, 5136, 7654
16, 322474710, 261644, 473007, 5350, 7664
17, 322467519, 248802, 492627, 5763, 7191
18, 322460701, 236532, 511350, 6128, 6818
19, 322454110, 225182, 528915, 6504, 6591
20, 322447754, 214462, 545649, 6846, 6356
21, 322441796, 204028, 561690, 7197, 5958
22, 322436327, 193845, 577056, 7483, 5469
23, 322430903, 184659, 591356, 7793, 5424
24, 322425963, 175515, 605163, 8070, 4940
25, 322421216, 166772, 618385, 8338, 4747
26, 322416575, 158606, 630940, 8590, 4641
27, 322412053, 150632, 643188, 8838, 4522
28, 322407786, 142989, 654853, 9083, 4267
29, 322403897, 135228, 666270, 9316, 3889
30, 322400168, 127768, 677239, 9536, 3729
31, 322396701, 120381, 687859, 9770, 3467
32, 322393355, 113566, 697823, 9967, 3346
33, 322390289, 107009, 707256, 10157, 3066
34, 322387276, 100790, 716305, 10340, 3013
35, 322384528, 94850, 724828, 10505, 2748
36, 322381950, 89203, 732903, 10655, 2578
37, 322379494, 84105, 740293, 10819, 2456
38, 322377185, 78993, 747560, 10973, 2309
39, 322375040, 74385, 754192, 11094, 2145
40, 322373020, 69988, 760498, 11205, 2020
41, 322371166, 65654, 766553, 11338, 1854
42, 322369441, 61413, 772426, 11431, 1725
43, 322367741, 57477, 777973, 11520, 1700
44, 322366149, 53939, 782989, 11634, 1592
45, 322364709, 50508, 787758, 11736, 1440
46, 322363422, 47280, 792171, 11838, 1287
47, 322362136, 44215, 796434, 11926, 1286
48, 322360878, 41466, 800361, 12006, 1258
49, 322359748, 38693, 804185, 12085, 1130
50, 322358732, 36224, 807572, 12183, 1016
51, 322357730, 33906, 810830, 12245, 1002
52, 322356948, 31494, 813956, 12313, 782
53, 322356058, 29434, 816829, 12390, 890
54, 322355280, 27481, 819496, 12454, 778
55, 322354520, 25669, 822023, 12499, 760
56, 322353820, 24001, 824345, 12545, 700
57, 322353142, 22420, 826553, 12596, 678
58, 322352585, 20816, 828684, 12626, 557
59, 322352034, 19386, 830607, 12684, 551
60, 322351510, 18074, 832405, 12722, 524
61, 322351044, 16903, 834009, 12755, 466
62, 322350627, 15708, 835590, 12786, 417
63, 322347164, 17606, 837128, 12813, 3463
64, 322343046, 20337, 838480, 12848, 4118
65, 322338284, 23852, 839704, 12871, 4762
66, 322332587, 28320, 840913, 12891, 5697
67, 322325846, 34044, 841912, 12909, 6741
68, 322317680, 41121, 842976, 12934, 8166
69, 322307782, 50036, 843935, 12958, 9898
70, 322295580, 61298, 844854, 12979, 12202
71, 322280383, 75641, 845687, 13000, 15197
72, 322261581, 93614, 846502, 13014, 18802
73, 322238508, 115971, 847202, 13030, 23073
74, 322209814, 143977, 847877, 13043, 28694
75, 322174116, 179028, 848514, 13053, 35698
76, 322129631, 222944, 849073, 13063, 44485
77, 322074225, 277829, 849585, 13072, 55406
78, 322006049, 342453, 853070, 13139, 68176
79, 321921625, 422665, 857189, 13232, 84424
80, 321818042, 521416, 861917, 13336, 103583
81, 321689674, 644000, 867588, 13449, 128368
82, 321530882, 795965, 874279, 13585, 158792
83, 321335023, 983602, 882332, 13754, 195859
84, 321092438, 1216214, 892137, 13922, 242585
85, 320795133, 1501260, 904181, 14137, 297305
86, 320426655, 1854480, 919127, 14449, 368478
87, 319971846, 2290443, 937593, 14829, 454809
88, 319441893, 2797270, 960236, 15312, 529953
89, 318760517, 3449919, 988367, 15908, 681376
90, 317919927, 4254773, 1023407, 16604, 840590
91, 316886291, 5243877, 1065594, 18949, 1033636
92, 315725944, 6348774, 1118078, 21915, 1160347
93, 314194445, 7812063, 1182559, 25644, 1531499
94, 312669713, 9252331, 1262472, 30195, 1524732
95, 310467331, 11351106, 1360378, 35896, 2202382
96, 307795208, 13894833, 1481805, 42865, 2672123
97, 304742809, 16788410, 1631993, 51499, 3052399
98, 301360022, 19975313, 1816942, 62434, 3382787
99, 296957625, 24135106, 2046317, 75663, 4402397
100, 292478203, 28317203, 2327450, 91855, 4479422
101, 286331915, 34094997, 2675650, 112149, 6146288
102, 279772088, 40199999, 3105397, 137227, 6559827
103, 272162841, 47279288, 3606449, 166133, 7609247
104, 268111445, 50649292, 4250296, 203678, 4051396
105, 259890885, 58029241, 5044615, 249970, 8220560
106, 252168515, 64717964, 6021687, 306545, 7722370
107, 244906913, 70819210, 7118161, 370427, 7261602
108, 236690174, 77504433, 8565066, 455038, 8216739
109, 232327215, 80342643, 10005681, 539172, 4362959
110, 226380896, 84086570, 12086574, 660671, 5946319
111, 219598378, 88196951, 14611108, 808274, 6782518
112, 212406207, 92336719, 17496075, 975710, 7192171
113, 208984694, 92375437, 20692516, 1162064, 3421513
114, 203543362, 93414367, 24852608, 1404374, 5441332
115, 202524362, 89953937, 29086947, 1649465, 1019000
116, 198187715, 88144289, 34894215, 1988492, 4336647
117, 194024850, 85747319, 41093221, 2349321, 4162865
118, 190974559, 81188355, 48284563, 2767234, 3050291
119, 188014931, 80096586, 52113101, 2990093, 2959628
120, 186207315, 73683637, 59880649, 3443110, 1807616
121, 183954993, 68213586, 67177170, 3868962, 2252322
122, 180947752, 63959216, 74039021, 4268722, 3007241
123, 179780774, 56909450, 81804255, 4720232, 1166978
124, 178723353, 53603906, 85926759, 4960693, 1057421
125, 176977187, 49403749, 91544873, 5288902, 1746166
126, 175222115, 44376303, 97953785, 5662508, 1755072
127, 174163898, 38242347, 104748824, 6059642, 1058217
128, 173202586, 35782140, 107981466, 6248519, 961312
129, 172114315, 31429079, 113122956, 6548361, 1088271
130, 171785965, 30738429, 114085869, 6604448, 328350
131, 171221425, 26966320, 118183854, 6843112, 564540
132, 170657220, 23367658, 122116652, 7073181, 564205
133, 170156460, 20818124, 124998263, 7241864, 500760
134, 169779779, 18235175, 127794396, 7405361, 376681
135, 169509439, 16697896, 129502503, 7504873, 270340
136, 168990779, 14964232, 131631229, 7628471, 518660
137, 168717719, 12230050, 134472772, 7794170, 273060
138, 168494372, 11286419, 135575309, 7858611, 223347
139, 168370005, 10353364, 136574261, 7917081, 124367
140, 168134613, 8842589, 138224192, 8013317, 235392
141, 167890121, 7332008, 139883023, 8109559, 244492
142, 167756072, 6407839, 140882939, 8167861, 134049
143, 167643011, 5559586, 141791359, 8220755, 113061
144, 167486201, 4628123, 142819602, 8280785, 156810
145, 167427326, 4358647, 143129716, 8299022, 58875
146, 167346106, 3875327, 143663147, 8330131, 81220
147, 167275676, 3381552, 144195948, 8361535, 70430
148, 167223082, 2933386, 144668997, 8389246, 52594
149, 167169115, 2610670, 145038305, 8396621, 53967
150, 167128136, 2381308, 145303299, 8401968, 40979
151, 167082565, 1908219, 145811648, 8412279, 45571
152, 167007613, 1710110, 146079269, 8417719, 74952
153, 166966394, 1527980, 146298123, 8422214, 41219
154, 166949840, 1420167, 146420067, 8424637, 16554
155, 166921248, 1213367, 146650566, 8429530, 28592
156, 166870123, 1019999, 146890063, 8434526, 51125
157, 166829689, 926383, 147021383, 8437256, 40434
158, 166816576, 826435, 147132190, 8439510, 13113
159, 166797240, 688961, 147285879, 8442631, 19336
160, 166779566, 647760, 147343567, 8443818, 17674
161, 166770395, 575711, 147423149, 8445456, 9171
162, 166761698, 513978, 147492143, 8446892, 8697
163, 166754213, 468869, 147543703, 8447926, 7485
164, 166748191, 420924, 147596530, 8449066, 6022
165, 166740541, 387595, 147636686, 8449889, 7650
166, 166733472, 349093, 147681370, 8450776, 7069
167, 166725494, 282119, 147754813, 8452285, 7978
168, 166720895, 245499, 147795154, 8453163, 4599
169, 166711616, 238224, 147811388, 8453483, 9279
170, 166708171, 213077, 147839416, 8454047, 3445
171, 166702510, 167613, 147889548, 8455040, 5661
172, 166698605, 131084, 147929162, 8455860, 3905
173, 166696583, 119993, 147942003, 8456132, 2022
174, 166694390, 102850, 147960957, 8456514, 2193
175, 166692737, 86829, 147978264, 8456881, 1653
176, 166691436, 78959, 147987246, 8457070, 1301
177, 166688145, 73553, 147995769, 8457244, 3291
178, 166687185, 67028, 148003123, 8457375, 960
179, 166686203, 61988, 148009019, 8457501, 982
180, 166685243, 55298, 148016515, 8457655, 960
181, 166684259, 49213, 148023433, 8457806, 984
182, 166683212, 42282, 148031258, 8457959, 1047
183, 166682483, 38412, 148035765, 8458051, 729
184, 166681449, 30167, 148044865, 8458230, 1034
185, 166680969, 27202, 148048241, 8458299, 480
186, 166680359, 22151, 148053795, 8458406, 610
187, 166679974, 18631, 148057620, 8458486, 385
188, 166679692, 16891, 148059596, 8458532, 282
189, 166679471, 14919, 148061747, 8458574, 221
190, 166678926, 13811, 148063364, 8458610, 545
191, 166678717, 12719, 148064644, 8458631, 209
192, 166678164, 9981, 148067859, 8458707, 553
193, 166677991, 9194, 148068784, 8458742, 173
194, 166677568, 8635, 148069753, 8458755, 423
195, 166677420, 7823, 148070690, 8458778, 148
196, 166677305, 6954, 148071646, 8458806, 115
197, 166676995, 6217, 148072673, 8458826, 310
198, 166676902, 5581, 148073383, 8458845, 93
199, 166676789, 4660, 148074391, 8458871, 113
200, 166676709, 4260, 148074862, 8458880, 80
201, 166676609, 3750, 148075465, 8458887, 100
202, 166676553, 3421, 148075842, 8458895, 56
203, 166676517, 3175, 148076116, 8458903, 36
204, 166676490, 2981, 148076333, 8458907, 27
205, 166676442, 2484, 148076861, 8458924, 48
206, 166676423, 2294, 148077066, 8458928, 19
207, 166676363, 1801, 148077603, 8458944, 60
208, 166676290, 1701, 148077773, 8458947, 73
209, 166676238, 1330, 148078189, 8458954, 52
210, 166676218, 1202, 148078333, 8458958, 20
211, 166676179, 1126, 148078447, 8458959, 39
212, 166676148, 847, 148078754, 8458962, 31
213, 166676137, 765, 148078845, 8458964, 11
214, 166676103, 686, 148078955, 8458967, 34
215, 166676074, 635, 148079035, 8458967, 29
216, 166676065, 544, 148079133, 8458969, 9
217, 166676054, 499, 148079188, 8458970, 11
218, 166676050, 467, 148079223, 8458971, 4
219, 166676038, 452, 148079250, 8458971, 12
220, 166676033, 409, 148079297, 8458972, 5
221, 166676031, 392, 148079316, 8458972, 2
222, 166676021, 342, 148079376, 8458972, 10
223, 166676012, 278, 148079448, 8458973, 9
224, 166676011, 227, 148079499, 8458974, 1
225, 166676007, 211, 148079518, 8458975, 4
226, 166676002, 177, 148079554, 8458978, 5
227, 166675997, 151, 148079585, 8458978, 5
228, 166675996, 141, 148079596, 8458978, 1
229, 166675995, 108, 148079629, 8458979, 1
230, 166675993, 81, 148079658, 8458979, 2
231, 166675991, 74, 148079667, 8458979, 2
232, 166675989, 65, 148079678, 8458979, 2
233, 166675988, 62, 148079682, 8458979, 1
234, 166675987, 51, 148079694, 8458979, 1
235, 166675985, 48, 148079699, 8458979, 2
236, 166675985, 46, 148079701, 8458979, 0
237, 166675985, 36, 148079711, 8458979, 0
238, 166675985, 27, 148079720, 8458979, 0
239, 166675982, 29, 148079721, 8458979, 3
240, 166675982, 25, 148079725, 8458979, 0
241, 166675979, 23, 148079730, 8458979, 3
242, 166675977, 20, 148079735, 8458979, 2
243, 166675976, 20, 148079736, 8458979, 1
244, 166675976, 19, 148079737, 8458979, 0
245, 166675976, 17, 148079739, 8458979, 0
246, 166675975, 16, 148079741, 8458979, 1
247, 166675973, 16, 148079743, 8458979, 2
248, 166675973, 15, 148079744, 8458979, 0
249, 166675970, 17, 148079745, 8458979, 3
250, 166675968, 17, 148079747, 8458979, 2
251, 166675967, 18, 148079747, 8458979, 1
252, 166675967, 18, 148079747, 8458979, 0
253, 166675967, 18, 148079747, 8458979, 0
254, 166675967, 15, 148079750, 8458979, 0
255, 166675967, 15, 148079750, 8458979, 0
256, 166675965, 14, 148079753, 8458979, 2
257, 166675964, 13, 148079755, 8458979, 1
258, 166675964, 12, 148079756, 8458979, 0
259, 166675963, 13, 148079756, 8458979, 1
260, 166675963, 13, 148079756, 8458979, 0
261, 166675963, 12, 148079757, 8458979, 0
262, 166675963, 10, 148079759, 8458979, 0
263, 166675963, 10, 148079759, 8458979, 0
264, 166675963, 7, 148079762, 8458979, 0
265, 166675963, 5, 148079764, 8458979, 0
266, 166675963, 4, 148079765, 8458979, 0
267, 166675962, 5, 148079765, 8458979, 1
268, 166675961, 6, 148079765, 8458979, 1
269, 166675961, 6, 148079765, 8458979, 0
270, 166675961, 6, 148079765, 8458979, 0
271, 166675961, 4, 148079767, 8458979, 0
272, 166675959, 5, 148079768, 8458979, 2
273, 166675958, 6, 148079768, 8458979, 1
274, 166675957, 6, 148079769, 8458979, 1
275, 166675955, 8, 148079769, 8458979, 2
276, 166675955, 8, 148079769, 8458979, 0
277, 166675954, 9, 148079769, 8458979, 1
278, 166675954, 9, 148079769, 8458979, 0
279, 166675954, 9, 148079769, 8458979, 0
280, 166675953, 10, 148079769, 8458979, 1
281, 166675953, 10, 148079769, 8458979, 0
282, 166675951, 11, 148079770, 8458979, 2
283, 166675951, 10, 148079771, 8458979, 0
284, 166675951, 10, 148079771, 8458979, 0
285, 166675950, 11, 148079771, 8458979, 1
286, 166675950, 11, 148079771, 8458979, 0
287, 166675948, 11, 148079773, 8458979, 2
288, 166675948, 10, 148079774, 8458979, 0
289, 166675947, 10, 148079775, 8458979, 1
290, 166675946, 9, 148079777, 8458979, 1
291, 166675946, 9, 148079777, 8458979, 0
292, 166675946, 8, 148079778, 8458979, 0
293, 166675946, 8, 148079778, 8458979, 0
294, 166675946, 8, 148079778, 8458979, 0
295, 166675946, 7, 148079779, 8458979, 0
296, 166675946, 7, 148079779, 8458979, 0
297, 166675946, 5, 148079781, 8458979, 0
298, 166675946, 5, 148079781, 8458979, 0
299, 166675946, 5, 148079781, 8458979, 0
300, 166675946, 4, 148079782, 8458979, 0
301, 166675946, 4, 148079782, 8458979, 0
302, 166675946, 2, 148079784, 8458979, 0
303, 166675946, 2, 148079784, 8458979, 0
304, 166675946, 1, 148079785, 8458979, 0
305, 166675946, 0, 148079786, 8458979, 0