Day, Susceptible, Infected, Recovered, Dead, New Cases
1, 282281468, 392607, 214711, 0, 0
2, 282190715, 455495, 242436, 140, 90753
3, 282083159, 537034, 268318, 275, 107556
4, 281955671, 640554, 292165, 396, 127488
5, 281801492, 772339, 314468, 487, 154179
6, 281614164, 939060, 334971, 591, 187328
7, 281385405, 1148612, 354087, 682, 228759
8, 281104680, 1411082, 372252, 772, 280725
9, 280758111, 1740834, 388975, 866, 346569
10, 280330533, 2152906, 404397, 950, 427578
11, 279802032, 2666678, 419057, 1019, 528501
12, 279146837, 3308462, 432394, 1093, 655195
13, 278334617, 4108144, 444875, 1150, 812220
14, 277363216, 5067930, 456429, 1211, 971401
15, 276149495, 6271083, 466873, 1335, 1213721
16, 274626819, 7783752, 476777, 1438, 1522676
17, 272923179, 9387338, 575825, 2444, 1703640
18, 270742823, 11451599, 690746, 3618, 2180356
19, 268316609, 13742503, 824671, 5003, 2426214
20, 265890977, 16006656, 984486, 6667, 2425632
21, 262198615, 19504749, 1176768, 8654, 3692362
22, 257815520, 23652672, 1409541, 11053, 4383095
23, 253101381, 28080268, 1693307, 13830, 4714139
24, 247791408, 33038172, 2041768, 17438, 5309973
25, 241662605, 38734319, 2470134, 21728, 6128803
26, 235206311, 44657427, 2998078, 26970, 6456294
27, 230390185, 48813964, 3650967, 33670, 4816126
28, 224099093, 54288668, 4459235, 41790, 6291092
29, 219880478, 57531976, 5424779, 51553, 4218615
30, 212065173, 64130040, 6629888, 63685, 7815305
31, 206688673, 67980658, 8140324, 79131, 5376500
32, 203771871, 69190807, 9829911, 96197, 2916802
33, 200163828, 70615579, 11991156, 118223, 3608043
34, 195200204, 73150411, 14395430, 142741, 4963624
35, 189190609, 76732007, 16798867, 167303, 6009595
36, 187100289, 75127633, 20456359, 204505, 2090320
37, 181318579, 76524196, 24797459, 248552, 5781710
38, 176967630, 76159055, 29466041, 296060, 4350949
39, 174509694, 73305264, 34724246, 349582, 2457936
40, 172563122, 69121353, 40793489, 410822, 1946572
41, 170178214, 65048392, 47186498, 475682, 2384908
42, 167343134, 63065843, 51955598, 524211, 2835080
43, 162525830, 61590632, 58184676, 587648, 4817304
44, 159887890, 60008735, 62362498, 629663, 2637940
45, 157188148, 54891945, 70101068, 707625, 2699742
46, 155943637, 50758925, 75424737, 761487, 1244511
47, 155322538, 48462227, 78312988, 791033, 621099
48, 153132855, 47042927, 81885554, 827450, 2189683
49, 151966196, 43245106, 86800034, 877450, 1166659
50, 149192381, 40008527, 92750196, 937682, 2773815
51, 148370299, 38739558, 94820217, 958712, 822082
52, 146283636, 35043839, 100544661, 1016650, 2086663
53, 145725371, 31250502, 104852553, 1060360, 558265
54, 144727122, 29790230, 107286270, 1085164, 998249
55, 144253101, 28317147, 109213819, 1104719, 474021
56, 143923891, 26260961, 111575354, 1128580, 329210
57, 143506859, 23842432, 114382251, 1157244, 417032
58, 142810513, 19721055, 119151437, 1205781, 696346
59, 142050059, 17843123, 121763236, 1232368, 760454
60, 141590975, 15602059, 124436407, 1259345, 459084
61, 140887022, 15061158, 125668914, 1271692, 703953
62, 140263125, 15063629, 126284098, 1277934, 623897
63, 139951703, 13185082, 128452088, 1299913, 311422
64, 139575377, 12394447, 129607322, 1311640, 376326
65, 139275563, 9920197, 132353947, 1339079, 299814
66, 139158493, 9214962, 133167996, 1347335, 117070
67, 138894922, 7391618, 135234038, 1368208, 263571
68, 138817155, 6910904, 135787140, 1373587, 77767
69, 138599580, 6130037, 136775521, 1383648, 217575
70, 138369871, 5885539, 137244957, 1388419, 229709
71, 138321366, 5604679, 137571114, 1391627, 48505
72, 138260943, 5247902, 137984119, 1395822, 60423
73, 138152591, 4659745, 138673637, 1402813, 108352
74, 138075222, 3976525, 139426459, 1410580, 77369
75, 138025790, 3566732, 139881040, 1415224, 49432
76, 137885654, 3002811, 140578132, 1422189, 140136
77, 137812382, 2452077, 141195946, 1428381, 73272
78, 137778390, 2174559, 141505845, 1429992, 33992
79, 137726596, 1849935, 141880396, 1431859, 51794
80, 137688237, 1588400, 142178783, 1433366, 38359
81, 137667634, 1491848, 142295334, 1433970, 20603
82, 137577176, 1318667, 142557644, 1435299, 90458
83, 137567779, 1250235, 142635066, 1435706, 9397
84, 137510101, 1090279, 142851589, 1436817, 57678
85, 137487576, 883046, 143080153, 1438011, 22525
86, 137457844, 864225, 143128458, 1438259, 29732
87, 137427342, 834263, 143188592, 1438589, 30502
88, 137414013, 739187, 143296435, 1439151, 13329
89, 137383901, 691887, 143373458, 1439540, 30112
90, 137375459, 650866, 143422670, 1439791, 8442
91, 137360366, 525788, 143562155, 1440477, 15093
92, 137338973, 473870, 143635094, 1440849, 21393
93, 137335629, 443181, 143668937, 1441039, 3344
94, 137326542, 400447, 143720489, 1441308, 9087
95, 137322182, 366424, 143758700, 1441480, 4360
96, 137318176, 349797, 143779245, 1441568, 4006
97, 137309646, 267839, 143869290, 1442011, 8530
98, 137308021, 260041, 143878672, 1442052, 1625
99, 137301363, 209000, 143936073, 1442350, 6658
100, 137293650, 194164, 143958488, 1442484, 7713
101, 137290375, 167687, 143988099, 1442625, 3275
102, 137287241, 140297, 144018447, 1442801, 3134
103, 137285654, 128538, 144031724, 1442870, 1587
104, 137283189, 100874, 144061716, 1443007, 2465
105, 137282113, 93493, 144070138, 1443042, 1076
106, 137279845, 80655, 144085155, 1443131, 2268
107, 137276680, 62419, 144106439, 1443248, 3165
108, 137276122, 59622, 144109775, 1443267, 558
109, 137275087, 51558, 144118827, 1443314, 1035
110, 137273298, 48980, 144123168, 1443340, 1789
111, 137271519, 46748, 144127160, 1443359, 1779
112, 137270664, 39064, 144135665, 1443393, 855
113, 137270243, 37858, 144137281, 1443404, 421
114, 137269489, 31944, 144143914, 1443439, 754
115, 137268650, 25064, 144151586, 1443486, 839
116, 137268356, 22081, 144154848, 1443501, 294
117, 137267785, 19509, 144157977, 1443515, 571
118, 137267585, 18116, 144159564, 1443521, 200
119, 137267328, 15905, 144162016, 1443537, 257
120, 137267182, 14967, 144163096, 1443541, 146
121, 137266848, 13031, 144165351, 1443556, 334
122, 137266268, 10444, 144168494, 1443580, 580
123, 137265910, 10241, 144169051, 1443584, 358
124, 137265752, 9361, 144170084, 1443589, 158
125, 137265549, 7774, 144171865, 1443598, 203
126, 137265216, 6323, 144173639, 1443608, 333
127, 137264971, 5711, 144174485, 1443619, 245
128, 137264902, 5358, 144174904, 1443622, 69
129, 137264770, 4736, 144175655, 1443625, 132
130, 137264444, 4223, 144176491, 1443628, 326
131, 137264294, 4078, 144176785, 1443629, 150
132, 137264084, 3717, 144177350, 1443635, 210
133, 137263946, 3653, 144177552, 1443635, 138
134, 137263783, 3559, 144177809, 1443635, 163
135, 137263677, 3518, 144177956, 1443635, 106
136, 137263622, 3238, 144178289, 1443637, 55
137, 137263575, 2705, 144178865, 1443641, 47
138, 137263466, 2455, 144179222, 1443643, 109
139, 137263433, 2329, 144179380, 1443644, 33
140, 137263361, 2196, 144179585, 1443644, 72
141, 137263332, 1892, 144179918, 1443644, 29
142, 137263296, 1683, 144180162, 1443645, 36
143, 137263289, 1620, 144180232, 1443645, 7
144, 137263271, 1505, 144180364, 1443646, 18
145, 137263229, 1221, 144180688, 1443648, 42
146, 137263177, 1123, 144180837, 1443649, 52
147, 137263160, 930, 144181045, 1443651, 17
148, 137263121, 831, 144181183, 1443651, 39
149, 137263104, 685, 144181346, 1443651, 17
150, 137263085, 598, 144181451, 1443652, 19
151, 137263075, 553, 144181506, 1443652, 10
152, 137263056, 524, 144181554, 1443652, 19
153, 137263039, 432, 144181663, 1443652, 17
154, 137263030, 408, 144181695, 1443653, 9
155, 137263019, 347, 144181767, 1443653, 11
156, 137263006, 331, 144181795, 1443654, 13
157, 137262999, 302, 144181830, 1443655, 7
158, 137262995, 299, 144181837, 1443655, 4
159, 137262991, 284, 144181856, 1443655, 4
160, 137262980, 253, 144181898, 1443655, 11
161, 137262974, 207, 144181949, 1443656, 6
162, 137262967, 197, 144181966, 1443656, 7
163, 137262962, 163, 144182005, 1443656, 5
164, 137262952, 156, 144182022, 1443656, 10
165, 137262947, 142, 144182041, 1443656, 5
166, 137262942, 137, 144182051, 1443656, 5
167, 137262939, 121, 144182070, 1443656, 3
168, 137262937, 105, 144182087, 1443657, 2
169, 137262930, 103, 144182096, 1443657, 7
170, 137262927, 95, 144182107, 1443657, 3
171, 137262925, 84, 144182120, 1443657, 2
172, 137262923, 78, 144182128, 1443657, 2
173, 137262916, 81, 144182132, 1443657, 7
174, 137262915, 78, 144182136, 1443657, 1
175, 137262913, 69, 144182147, 1443657, 2
176, 137262910, 66, 144182153, 1443657, 3
177, 137262908, 61, 144182160, 1443657, 2
178, 137262908, 56, 144182165, 1443657, 0
179, 137262906, 48, 144182175, 1443657, 2
180, 137262906, 43, 144182180, 1443657, 0
181, 137262906, 38, 144182185, 1443657, 0
182, 137262906, 35, 144182187, 1443658, 0
183, 137262906, 33, 144182189, 1443658, 0
184, 137262903, 29, 144182196, 1443658, 3
185, 137262903, 26, 144182199, 1443658, 0
186, 137262899, 28, 144182201, 1443658, 4
187, 137262894, 30, 144182204, 1443658, 5
188, 137262891, 26, 144182210, 1443659, 3
189, 137262891, 25, 144182211, 1443659, 0
190, 137262891, 23, 144182213, 1443659, 0
191, 137262891, 20, 144182216, 1443659, 0
192, 137262891, 18, 144182218, 1443659, 0
193, 137262890, 19, 144182218, 1443659, 1
194, 137262889, 18, 144182220, 1443659, 1
195, 137262889, 18, 144182220, 1443659, 0
196, 137262888, 19, 144182220, 1443659, 1
197, 137262888, 19, 144182220, 1443659, 0
198, 137262887, 20, 144182220, 1443659, 1
199, 137262887, 17, 144182223, 1443659, 0
200, 137262886, 18, 144182223, 1443659, 1
201, 137262883, 17, 144182226, 1443660, 3
202, 137262880, 15, 144182231, 1443660, 3
203, 137262880, 12, 144182234, 1443660, 0
204, 137262879, 13, 144182234, 1443660, 1
205, 137262878, 14, 144182234, 1443660, 1
206, 137262875, 17, 144182234, 1443660, 3
207, 137262875, 17, 144182234, 1443660, 0
208, 137262875, 16, 144182235, 1443660, 0
209, 137262871, 19, 144182236, 1443660, 4
210, 137262868, 22, 144182236, 1443660, 3
211, 137262868, 21, 144182237, 1443660, 0
212, 137262868, 21, 144182237, 1443660, 0
213, 137262866, 22, 144182238, 1443660, 2
214, 137262865, 23, 144182238, 1443660, 1
215, 137262865, 22, 144182239, 1443660, 0
216, 137262863, 21, 144182242, 1443660, 2
217, 137262862, 18, 144182246, 1443660, 1
218, 137262860, 20, 144182246, 1443660, 2
219, 137262859, 20, 144182247, 1443660, 1
220, 137262859, 19, 144182248, 1443660, 0
221, 137262859, 16, 144182251, 1443660, 0
222, 137262856, 19, 144182251, 1443660, 3
223, 137262855, 20, 144182251, 1443660, 1
224, 137262854, 17, 144182255, 1443660, 1
225, 137262853, 15, 144182258, 1443660, 1
226, 137262853, 15, 144182258, 1443660, 0
227, 137262853, 15, 144182258, 1443660, 0
228, 137262853, 13, 144182260, 1443660, 0
229, 137262852, 13, 144182261, 1443660, 1
230, 137262852, 13, 144182261, 1443660, 0
231, 137262852, 11, 144182263, 1443660, 0
232, 137262852, 10, 144182264, 1443660, 0
233, 137262852, 8, 144182266, 1443660, 0
234, 137262852, 7, 144182267, 1443660, 0
235, 137262850, 9, 144182267, 1443660, 2
236, 137262850, 9, 144182267, 1443660, 0
237, 137262850, 6, 144182270, 1443660, 0
238, 137262850, 5, 144182271, 1443660, 0
239, 137262850, 4, 144182272, 1443660, 0
240, 137262850, 3, 144182273, 1443660, 0
241, 137262850, 3, 144182273, 1443660, 0
242, 137262849, 4, 144182273, 1443660, 1
243, 137262849, 4, 144182273, 1443660, 0
244, 137262849, 3, 144182274, 1443660, 0
245, 137262848, 4, 144182274, 1443660, 1
246, 137262848, 4, 144182274, 1443660, 0
247, 137262848, 4, 144182274, 1443660, 0
248, 137262848, 4, 144182274, 1443660, 0
249, 137262848, 4, 144182274, 1443660, 0
250, 137262848, 2, 144182276, 1443660, 0
251, 137262848, 2, 144182276, 1443660, 0
252, 137262848, 2, 144182276, 1443660, 0
253, 137262848, 2, 144182276, 1443660, 0
254, 137262848, 2, 144182276, 1443660, 0
255, 137262848, 2, 144182276, 1443660, 0
256, 137262848, 2, 144182276, 1443660, 0
257, 137262848, 1, 144182277, 1443660, 0
258, 137262847, 2, 144182277, 1443660, 1
259, 137262847, 2, 144182277, 1443660, 0
260, 137262847, 1, 144182278, 1443660, 0
261, 137262847, 1, 144182278, 1443660, 0
262, 137262847, 1, 144182278, 1443660, 0
263, 137262847, 1, 144182278, 1443660, 0
264, 137262847, 1, 144182278, 1443660, 0
265, 137262847, 1, 144182278, 1443660, 0
266, 137262847, 1, 144182278, 1443660, 0
267, 137262847, 1, 144182278, 1443660, 0
268, 137262847, 1, 144182278, 1443660, 0
269, 137262847, 1, 144182278, 1443660, 0
270, 137262847, 1, 144182278, 1443660, 0
271, 137262847, 1, 144182278, 1443660, 0
272, 137262847, 1, 144182278, 1443660, 0
273, 137262847, 0, 144182279, 1443660, 0