Day, Susceptible, Infected, Recovered, Dead, New Cases
1, 3690520, 897, 736, 0, 0
2, 3690425, 930, 798, 0, 95
3, 3690333, 958, 862, 0, 92
4, 3690232, 1003, 918, 0, 101
5, 3690115, 1070, 967, 1, 117
6, 3690016, 1107, 1029, 1, 99
7, 3689908, 1185, 1059, 1, 108
8, 3689777, 1277, 1098, 1, 131
9, 3689636, 1381, 1135, 1, 141
10, 3689496, 1489, 1166, 2, 140
11, 3689326, 1633, 1192, 2, 170
12, 3689145, 1787, 1219, 2, 181
13, 3688960, 1946, 1244, 3, 185
14, 3688751, 2129, 1270, 3, 209
15, 3688528, 2318, 1304, 3, 223
16, 3688283, 2545, 1322, 3, 245
17, 3688029, 2679, 1442, 3, 254
18, 3687724, 2877, 1549, 3, 305
19, 3687422, 3053, 1675, 3, 302
20, 3687091, 3250, 1807, 5, 331
21, 3686725, 3499, 1924, 5, 366
22, 3686315, 3792, 2041, 5, 410
23, 3685890, 4070, 2185, 8, 425
24, 3685470, 4337, 2337, 9, 420
25, 3684993, 4660, 2490, 10, 477
26, 3684523, 4945, 2675, 10, 470
27, 3684001, 5274, 2867, 11, 522
28, 3683420, 5663, 3058, 12, 581
29, 3682812, 6052, 3277, 12, 608
30, 3682193, 6441, 3506, 13, 619
31, 3681501, 6886, 3753, 13, 692
32, 3680732, 7394, 4012, 15, 769
33, 3679972, 7838, 4327, 16, 760
34, 3679132, 8367, 4637, 17, 840
35, 3678266, 8895, 4971, 21, 866
36, 3677311, 9480, 5337, 25, 955
37, 3676333, 10045, 5750, 25, 978
38, 3675289, 10660, 6177, 27, 1044
39, 3674146, 11381, 6598, 28, 1143
40, 3672972, 12077, 7074, 30, 1174
41, 3671713, 12860, 7546, 34, 1259
42, 3670382, 13667, 8067, 37, 1331
43, 3668892, 14572, 8644, 45, 1490
44, 3667355, 15498, 9252, 48, 1537
45, 3665786, 16446, 9867, 54, 1569
46, 3664055, 17483, 10558, 57, 1731
47, 3662186, 18582, 11327, 58, 1869
48, 3660258, 19746, 12088, 61, 1928
49, 3658261, 20899, 12928, 65, 1997
50, 3656066, 22227, 13789, 71, 2195
51, 3653887, 23448, 14743, 75, 2179
52, 3651421, 24934, 15718, 80, 2466
53, 3648867, 26444, 16756, 86, 2554
54, 3646036, 28131, 17895, 91, 2831
55, 3643169, 29822, 19068, 94, 2867
56, 3640110, 31622, 20316, 105, 3059
57, 3636925, 33475, 21639, 114, 3185
58, 3633383, 35526, 23125, 119, 3542
59, 3629638, 37733, 24652, 130, 3745
60, 3625686, 40115, 26210, 142, 3952
61, 3621446, 42623, 27935, 149, 4240
62, 3617018, 45180, 29794, 161, 4428
63, 3612323, 47947, 31705, 178, 4695
64, 3607337, 50935, 33687, 194, 4986
65, 3602142, 53935, 35871, 205, 5195
66, 3596635, 57261, 38039, 218, 5507
67, 3590715, 60715, 40496, 227, 5920
68, 3584555, 64319, 43039, 240, 6160
69, 3577920, 68122, 45857, 254, 6635
70, 3570973, 72202, 48712, 266, 6947
71, 3563684, 76432, 51758, 279, 7289
72, 3555776, 81155, 54933, 289, 7908
73, 3547660, 85729, 58455, 309, 8116
74, 3539004, 90640, 62179, 330, 8656
75, 3529921, 95771, 66112, 349, 9083
76, 3520309, 101142, 70331, 371, 9612
77, 3510061, 106962, 74735, 395, 10248
78, 3499208, 113120, 79410, 415, 10853
79, 3488083, 119259, 84369, 442, 11125
80, 3476499, 125647, 89541, 466, 11584
81, 3464163, 132476, 95023, 491, 12336
82, 3451188, 139531, 100903, 531, 12975
83, 3437538, 147021, 107028, 566, 13650
84, 3423095, 154829, 113626, 603, 14443
85, 3408123, 162853, 120548, 629, 14972
86, 3392256, 171431, 127803, 663, 15867
87, 3375743, 180036, 135678, 696, 16513
88, 3358520, 189143, 143753, 737, 17223
89, 3340649, 198358, 152376, 770, 17871
90, 3321805, 208119, 161416, 813, 18844
91, 3302418, 217893, 170982, 860, 19387
92, 3282038, 228025, 181130, 960, 20380
93, 3260860, 238350, 191880, 1063, 21178
94, 3238778, 249307, 202863, 1205, 22082
95, 3216008, 260493, 214308, 1344, 22770
96, 3192314, 271851, 226512, 1476, 23694
97, 3168014, 283176, 239361, 1602, 24300
98, 3142845, 294695, 252862, 1751, 25169
99, 3116620, 306477, 267173, 1883, 26225
100, 3089368, 318757, 282008, 2020, 27252
101, 3061953, 330305, 297723, 2172, 27415
102, 3033660, 342085, 314093, 2315, 28293
103, 3004360, 354162, 331141, 2490, 29300
104, 2974474, 366176, 348842, 2661, 29886
105, 2943892, 377914, 367503, 2844, 30582
106, 2912449, 389970, 386680, 3054, 31443
107, 2880582, 401457, 406851, 3263, 31867
108, 2848025, 412836, 427811, 3481, 32557
109, 2814867, 423912, 449688, 3686, 33158
110, 2781393, 434616, 472234, 3910, 33474
111, 2747719, 444596, 495702, 4136, 33674
112, 2713836, 454179, 519744, 4394, 33883
113, 2679244, 463602, 544680, 4627, 34592
114, 2644525, 472096, 570657, 4875, 34719
115, 2609832, 479537, 597633, 5151, 34693
116, 2574695, 487259, 624772, 5427, 35137
117, 2539677, 493984, 652773, 5719, 35018
118, 2504707, 499654, 681807, 5985, 34970
119, 2470279, 504195, 711398, 6281, 34428
120, 2435436, 508456, 741684, 6577, 34843
121, 2401057, 511392, 772782, 6922, 34379
122, 2366855, 513727, 804321, 7250, 34202
123, 2333154, 514871, 836543, 7585, 33701
124, 2300793, 514074, 869349, 7937, 32361
125, 2268105, 513288, 902523, 8237, 32688
126, 2237335, 510384, 935847, 8587, 30770
127, 2205622, 508214, 969413, 8904, 31713
128, 2174675, 504569, 1003654, 9255, 30947
129, 2144292, 500233, 1038053, 9575, 30383
130, 2114868, 494964, 1072401, 9920, 29424
131, 2086308, 488387, 1107180, 10278, 28560
132, 2058403, 481274, 1141833, 10643, 27905
133, 2031362, 473345, 1176442, 11004, 27041
134, 2004886, 465393, 1210518, 11356, 26476
135, 1979509, 455927, 1245015, 11702, 25377
136, 1954908, 446149, 1279043, 12053, 24601
137, 1931021, 435834, 1312919, 12379, 23887
138, 1907941, 425213, 1346302, 12697, 23080
139, 1885614, 415179, 1378321, 13039, 22327
140, 1864106, 403999, 1410634, 13414, 21508
141, 1843452, 393883, 1441090, 13728, 20654
142, 1823782, 381840, 1472471, 14060, 19670
143, 1804500, 370175, 1503112, 14366, 19282
144, 1786241, 358051, 1533202, 14659, 18259
145, 1769043, 345825, 1562335, 14950, 17198
146, 1752686, 333622, 1590574, 15271, 16357
147, 1736650, 321753, 1618205, 15545, 16036
148, 1721441, 309921, 1644998, 15793, 15209
149, 1706788, 298098, 1671183, 16084, 14653
150, 1693042, 286467, 1696350, 16294, 13746
151, 1679926, 274982, 1720692, 16553, 13116
152, 1667440, 263581, 1744355, 16777, 12486
153, 1656162, 251779, 1767235, 16977, 11278
154, 1644952, 240662, 1789348, 17191, 11210
155, 1634280, 229826, 1810678, 17369, 10672
156, 1624576, 218876, 1831129, 17572, 9704
157, 1615057, 208725, 1850626, 17745, 9519
158, 1607426, 197074, 1869702, 17951, 7631
159, 1598917, 187324, 1887774, 18138, 8509
160, 1590784, 178259, 1904884, 18226, 8133
161, 1583234, 169452, 1921168, 18299, 7550
162, 1577614, 159036, 1937125, 18378, 5620
163, 1570962, 150479, 1952258, 18454, 6652
164, 1564658, 142130, 1966854, 18511, 6304
165, 1558683, 134359, 1980519, 18592, 5975
166, 1553142, 126784, 1993568, 18659, 5541
167, 1549025, 118415, 2005993, 18720, 4117
168, 1544055, 112107, 2017204, 18787, 4970
169, 1540371, 104581, 2028353, 18848, 3684
170, 1535976, 98304, 2038956, 18917, 4395
171, 1531876, 92700, 2048612, 18965, 4100
172, 1528021, 87036, 2058089, 19007, 3855
173, 1524440, 82986, 2065677, 19050, 3581
174, 1520990, 77927, 2074154, 19082, 3450
175, 1517741, 73043, 2082241, 19128, 3249
176, 1514829, 68405, 2089761, 19158, 2912
177, 1512547, 65067, 2095350, 19189, 2282
178, 1509933, 61029, 2101974, 19217, 2614
179, 1507595, 57063, 2108245, 19250, 2338
180, 1506213, 52470, 2114192, 19278, 1382
181, 1504527, 48615, 2119710, 19301, 1686
182, 1502564, 46461, 2123806, 19322, 1963
183, 1500715, 43340, 2128750, 19348, 1849
184, 1499325, 41046, 2132419, 19363, 1390
185, 1497699, 38277, 2136795, 19382, 1626
186, 1496134, 35742, 2140870, 19407, 1565
187, 1494684, 33337, 2144707, 19425, 1450
188, 1493317, 31123, 2148269, 19444, 1367
189, 1492025, 28965, 2151702, 19461, 1292
190, 1490917, 26824, 2154936, 19476, 1108
191, 1489865, 24964, 2157834, 19490, 1052
192, 1488824, 23723, 2160099, 19507, 1041
193, 1487905, 22028, 2162702, 19518, 919
194, 1487038, 20557, 2165024, 19534, 867
195, 1486200, 20013, 2166398, 19542, 838
196, 1485463, 19064, 2168075, 19551, 737
197, 1484727, 17837, 2170022, 19567, 736
198, 1484017, 16698, 2171865, 19573, 710
199, 1483485, 15840, 2173246, 19582, 532
200, 1483130, 14569, 2174868, 19586, 355
201, 1482591, 13543, 2176421, 19598, 539
202, 1482057, 12627, 2177866, 19603, 534
203, 1481552, 11765, 2179225, 19611, 505
204, 1481098, 10927, 2180512, 19616, 454
205, 1480649, 10268, 2181615, 19621, 449
206, 1480220, 9645, 2182660, 19628, 429
207, 1479835, 8989, 2183698, 19631, 385
208, 1479450, 8455, 2184609, 19639, 385
209, 1479110, 7928, 2185470, 19645, 340
210, 1478800, 7400, 2186302, 19651, 310
211, 1478485, 6978, 2187035, 19655, 315
212, 1478202, 6525, 2187768, 19658, 283
213, 1477977, 6040, 2188476, 19660, 225
214, 1477732, 5753, 2189006, 19662, 245
215, 1477504, 5626, 2189359, 19664, 228
216, 1477263, 5328, 2189896, 19666, 241
217, 1477043, 5014, 2190424, 19672, 220
218, 1476846, 4706, 2190928, 19673, 197
219, 1476652, 4446, 2191376, 19679, 194
220, 1476477, 4172, 2191824, 19680, 175
221, 1476340, 3880, 2192248, 19685, 137
222, 1476200, 3635, 2192631, 19687, 140
223, 1476046, 3404, 2193013, 19690, 154
224, 1475931, 3179, 2193351, 19692, 115
225, 1475819, 2981, 2193659, 19694, 112
226, 1475702, 2783, 2193973, 19695, 117
227, 1475593, 2609, 2194255, 19696, 109
228, 1475499, 2478, 2194480, 19696, 94
229, 1475401, 2331, 2194724, 19697, 98
230, 1475318, 2186, 2194952, 19697, 83
231, 1475239, 2024, 2195191, 19699, 79
232, 1475164, 1879, 2195410, 19700, 75
233, 1475105, 1741, 2195606, 19701, 59
234, 1475033, 1619, 2195800, 19701, 72
235, 1474969, 1508, 2195973, 19703, 64
236, 1474908, 1432, 2196109, 19704, 61
237, 1474852, 1348, 2196249, 19704, 56
238, 1474794, 1252, 2196400, 19707, 58
239, 1474732, 1199, 2196514, 19708, 62
240, 1474683, 1136, 2196625, 19709, 49
241, 1474632, 1070, 2196741, 19710, 51
242, 1474585, 1008, 2196848, 19712, 47
243, 1474549, 950, 2196942, 19712, 36
244, 1474521, 880, 2197040, 19712, 28
245, 1474493, 825, 2197122, 19713, 28
246, 1474460, 779, 2197200, 19714, 33
247, 1474427, 737, 2197275, 19714, 33
248, 1474397, 708, 2197334, 19714, 30
249, 1474366, 667, 2197406, 19714, 31
250, 1474335, 634, 2197470, 19714, 31
251, 1474311, 597, 2197531, 19714, 24
252, 1474291, 561, 2197587, 19714, 20
253, 1474272, 522, 2197643, 19716, 19
254, 1474253, 479, 2197704, 19717, 19
255, 1474228, 455, 2197753, 19717, 25
256, 1474208, 424, 2197803, 19718, 20
257, 1474191, 394, 2197849, 19719, 17
258, 1474177, 372, 2197885, 19719, 14
259, 1474152, 369, 2197913, 19719, 25
260, 1474139, 354, 2197941, 19719, 13
261, 1474127, 333, 2197974, 19719, 12
262, 1474116, 311, 2198007, 19719, 11
263, 1474105, 292, 2198037, 19719, 11
264, 1474086, 280, 2198067, 19720, 19
265, 1474077, 258, 2198098, 19720, 9
266, 1474064, 247, 2198121, 19721, 13
267, 1474053, 238, 2198141, 19721, 11
268, 1474047, 225, 2198160, 19721, 6
269, 1474038, 215, 2198179, 19721, 9
270, 1474030, 198, 2198204, 19721, 8
271, 1474017, 191, 2198224, 19721, 13
272, 1474009, 182, 2198241, 19721, 8
273, 1474002, 175, 2198255, 19721, 7
274, 1473998, 154, 2198280, 19721, 4
275, 1473996, 143, 2198293, 19721, 2
276, 1473993, 134, 2198305, 19721, 3
277, 1473988, 128, 2198316, 19721, 5
278, 1473986, 119, 2198327, 19721, 2
279, 1473981, 105, 2198346, 19721, 5
280, 1473975, 102, 2198355, 19721, 6
281, 1473970, 94, 2198368, 19721, 5
282, 1473962, 91, 2198379, 19721, 8
283, 1473960, 87, 2198385, 19721, 2
284, 1473956, 82, 2198394, 19721, 4
285, 1473955, 75, 2198402, 19721, 1
286, 1473950, 67, 2198415, 19721, 5
287, 1473948, 61, 2198423, 19721, 2
288, 1473945, 57, 2198430, 19721, 3
289, 1473942, 56, 2198434, 19721, 3
290, 1473942, 54, 2198436, 19721, 0
291, 1473938, 55, 2198439, 19721, 4
292, 1473937, 51, 2198444, 19721, 1
293, 1473934, 52, 2198446, 19721, 3
294, 1473933, 48, 2198451, 19721, 1
295, 1473931, 44, 2198457, 19721, 2
296, 1473931, 39, 2198462, 19721, 0
297, 1473928, 34, 2198470, 19721, 3
298, 1473926, 34, 2198472, 19721, 2
299, 1473924, 32, 2198476, 19721, 2
300, 1473923, 32, 2198477, 19721, 1
301, 1473923, 27, 2198482, 19721, 0
302, 1473922, 26, 2198484, 19721, 1
303, 1473920, 25, 2198486, 19722, 2
304, 1473919, 23, 2198489, 19722, 1
305, 1473919, 23, 2198489, 19722, 0
306, 1473917, 21, 2198493, 19722, 2
307, 1473915, 22, 2198494, 19722, 2
308, 1473913, 21, 2198497, 19722, 2
309, 1473913, 20, 2198498, 19722, 0
310, 1473913, 18, 2198500, 19722, 0
311, 1473913, 18, 2198500, 19722, 0
312, 1473912, 16, 2198503, 19722, 1
313, 1473911, 15, 2198505, 19722, 1
314, 1473910, 14, 2198507, 19722, 1
315, 1473910, 13, 2198508, 19722, 0
316, 1473910, 13, 2198508, 19722, 0
317, 1473910, 12, 2198509, 19722, 0
318, 1473910, 10, 2198511, 19722, 0
319, 1473910, 9, 2198512, 19722, 0
320, 1473910, 9, 2198512, 19722, 0
321, 1473909, 8, 2198514, 19722, 1
322, 1473909, 6, 2198516, 19722, 0
323, 1473909, 4, 2198518, 19722, 0
324, 1473909, 4, 2198518, 19722, 0
325, 1473909, 4, 2198518, 19722, 0
326, 1473909, 4, 2198518, 19722, 0
327, 1473909, 3, 2198519, 19722, 0
328, 1473909, 2, 2198520, 19722, 0
329, 1473909, 1, 2198521, 19722, 0
330, 1473909, 1, 2198521, 19722, 0
331, 1473909, 1, 2198521, 19722, 0
332, 1473909, 1, 2198521, 19722, 0
333, 1473909, 1, 2198521, 19722, 0
334, 1473909, 1, 2198521, 19722, 0
335, 1473909, 1, 2198521, 19722, 0
336, 1473909, 0, 2198522, 19722, 0