Day, Susceptible, Infected, Recovered, Dead, New Cases
1, 4217737, 897, 736, 0, 0
2, 4217637, 937, 795, 1, 100
3, 4217538, 988, 840, 4, 99
4, 4217441, 1048, 877, 4, 97
5, 4217323, 1123, 919, 5, 118
6, 4217201, 1194, 970, 5, 122
7, 4217073, 1276, 1014, 7, 128
8, 4216947, 1353, 1063, 7, 126
9, 4216798, 1459, 1105, 8, 149
10, 4216648, 1567, 1145, 10, 150
11, 4216450, 1725, 1184, 11, 198
12, 4216267, 1879, 1213, 11, 183
13, 4216053, 2071, 1234, 12, 214
14, 4215837, 2254, 1266, 13, 216
15, 4215591, 2471, 1294, 14, 246
16, 4215319, 2712, 1324, 15, 272
17, 4215019, 2884, 1449, 18, 300
18, 4214723, 3059, 1566, 22, 296
19, 4214429, 3244, 1675, 22, 294
20, 4214079, 3463, 1806, 22, 350
21, 4213721, 3683, 1942, 24, 358
22, 4213332, 3930, 2084, 24, 389
23, 4212888, 4240, 2217, 25, 444
24, 4212464, 4497, 2377, 32, 424
25, 4211961, 4843, 2529, 37, 503
26, 4211480, 5110, 2739, 41, 481
27, 4210890, 5504, 2933, 43, 590
28, 4210280, 5889, 3156, 45, 610
29, 4209634, 6312, 3371, 53, 646
30, 4209003, 6691, 3618, 58, 631
31, 4208251, 7167, 3891, 61, 752
32, 4207528, 7581, 4196, 65, 723
33, 4206713, 8096, 4491, 70, 815
34, 4205873, 8634, 4784, 79, 840
35, 4204988, 9165, 5132, 85, 885
36, 4204036, 9752, 5494, 88, 952
37, 4203013, 10381, 5885, 91, 1023
38, 4201862, 11083, 6327, 98, 1151
39, 4200701, 11815, 6752, 102, 1161
40, 4199472, 12536, 7247, 115, 1229
41, 4198096, 13428, 7720, 126, 1376
42, 4196646, 14286, 8302, 136, 1450
43, 4195205, 15115, 8900, 150, 1441
44, 4193647, 16024, 9534, 165, 1558
45, 4191934, 17100, 10157, 179, 1713
46, 4190235, 18045, 10896, 194, 1699
47, 4188372, 19184, 11605, 209, 1863
48, 4186374, 20366, 12410, 220, 1998
49, 4184246, 21654, 13236, 234, 2128
50, 4181929, 23084, 14106, 251, 2317
51, 4179530, 24528, 15045, 267, 2399
52, 4176978, 26057, 16052, 283, 2552
53, 4174185, 27696, 17177, 312, 2793
54, 4171255, 29465, 18315, 335, 2930
55, 4168181, 31306, 19530, 353, 3074
56, 4164938, 33173, 20884, 375, 3243
57, 4161530, 35130, 22305, 405, 3408
58, 4157839, 37380, 23721, 430, 3691
59, 4153993, 39665, 25258, 454, 3846
60, 4149816, 42129, 26930, 495, 4177
61, 4145385, 44860, 28587, 538, 4431
62, 4140600, 47782, 30407, 581, 4785
63, 4135728, 50656, 32365, 621, 4872
64, 4130571, 53685, 34440, 674, 5157
65, 4125024, 56914, 36720, 712, 5547
66, 4119145, 60392, 39075, 758, 5879
67, 4113007, 63977, 41584, 802, 6138
68, 4106493, 67698, 44316, 863, 6514
69, 4099436, 71824, 47187, 923, 7057
70, 4092392, 75794, 50191, 993, 7044
71, 4084613, 80330, 53359, 1068, 7779
72, 4076469, 85066, 56694, 1141, 8144
73, 4067908, 89936, 60303, 1223, 8561
74, 4058827, 95171, 64097, 1275, 9081
75, 4049136, 100685, 68185, 1364, 9691
76, 4039016, 106374, 72522, 1458, 10120
77, 4028337, 112268, 77208, 1557, 10679
78, 4017199, 118533, 81983, 1655, 11138
79, 4005229, 125346, 87028, 1767, 11970
80, 3992786, 132242, 92463, 1879, 12443
81, 3979599, 139549, 98223, 1999, 13187
82, 3965661, 147349, 104249, 2111, 13938
83, 3951275, 155221, 110628, 2246, 14386
84, 3935886, 163553, 117562, 2369, 15389
85, 3919736, 172659, 124455, 2520, 16150
86, 3903147, 181469, 132061, 2693, 16589
87, 3885492, 190980, 140033, 2865, 17655
88, 3867142, 200769, 148421, 3038, 18350
89, 3847938, 210892, 157321, 3219, 19204
90, 3827909, 221229, 166483, 3749, 20029
91, 3806821, 232196, 176052, 4301, 21088
92, 3784960, 243377, 186176, 4857, 21861
93, 3761966, 255233, 196687, 5484, 22994
94, 3738027, 267202, 207983, 6158, 23939
95, 3713420, 279366, 219776, 6808, 24607
96, 3687869, 291730, 232267, 7504, 25551
97, 3661327, 304334, 245407, 8302, 26542
98, 3633796, 317479, 259019, 9076, 27531
99, 3605139, 330747, 273608, 9876, 28657
100, 3577248, 342488, 288852, 10782, 27891
101, 3547208, 355939, 304515, 11708, 30040
102, 3515829, 369663, 321204, 12674, 31379
103, 3483716, 383426, 338532, 13696, 32113
104, 3450990, 396948, 356698, 14734, 32726
105, 3417371, 410538, 375594, 15867, 33619
106, 3382790, 424031, 395532, 17017, 34581
107, 3347578, 437382, 416222, 18188, 35212
108, 3311391, 450575, 437929, 19475, 36187
109, 3274505, 463522, 460552, 20791, 36886
110, 3241179, 472241, 483778, 22172, 33326
111, 3203774, 484095, 507887, 23614, 37405
112, 3165505, 495822, 532930, 25113, 38269
113, 3127239, 506557, 558958, 26616, 38266
114, 3088664, 516475, 585978, 28253, 38575
115, 3049689, 527559, 612323, 29799, 38975
116, 3010069, 537139, 640717, 31445, 39620
117, 2970804, 545025, 670337, 33204, 39265
118, 2931318, 552398, 700729, 34925, 39486
119, 2894426, 556564, 731686, 36694, 36892
120, 2854999, 562372, 763526, 38473, 39427
121, 2815927, 566863, 796139, 40441, 39072
122, 2778140, 569438, 829390, 42402, 37787
123, 2739907, 571484, 863719, 44260, 38233
124, 2701670, 572835, 898591, 46274, 38237
125, 2664080, 577099, 930084, 48107, 37590
126, 2626705, 577069, 965428, 50168, 37375
127, 2593732, 571773, 1001552, 52313, 32973
128, 2557687, 569552, 1037603, 54528, 36045
129, 2527029, 561635, 1074178, 56528, 30658
130, 2492678, 557011, 1111077, 58604, 34351
131, 2459233, 550836, 1148520, 60781, 33445
132, 2426857, 543947, 1185598, 62968, 32376
133, 2395199, 536119, 1222934, 65118, 31658
134, 2364112, 530314, 1257812, 67132, 31087
135, 2334206, 520793, 1295118, 69253, 29906
136, 2304890, 511037, 1332082, 71361, 29316
137, 2276438, 501702, 1367786, 73444, 28452
138, 2249088, 490819, 1403806, 75657, 27350
139, 2227689, 473981, 1439924, 77776, 21399
140, 2202532, 461548, 1475394, 79896, 25157
141, 2178638, 448067, 1510752, 81913, 23894
142, 2155158, 438574, 1541977, 83661, 23480
143, 2132566, 425121, 1576070, 85613, 22592
144, 2110999, 416030, 1605031, 87310, 21567
145, 2090356, 402322, 1637549, 89143, 20643
146, 2070487, 388746, 1669181, 90956, 19869
147, 2053567, 373290, 1699817, 92696, 16920
148, 2036812, 358387, 1729768, 94403, 16755
149, 2019602, 344510, 1759145, 96113, 17210
150, 2002936, 331270, 1787348, 97816, 16666
151, 1987031, 317859, 1815027, 99453, 15905
152, 1972149, 304289, 1841888, 101044, 14882
153, 1958156, 290932, 1867731, 102551, 13993
154, 1947248, 280441, 1887910, 103771, 10908
155, 1934156, 268376, 1911670, 105168, 13092
156, 1921867, 256771, 1934228, 106504, 12289
157, 1910131, 245027, 1956393, 107819, 11736
158, 1899124, 233442, 1977707, 109097, 11007
159, 1888651, 222348, 1998113, 110258, 10473
160, 1878917, 211439, 2017613, 111401, 9734
161, 1869483, 201004, 2036403, 112480, 9434
162, 1860575, 192992, 2052404, 113399, 8908
163, 1852125, 184687, 2068179, 114379, 8450
164, 1845693, 173909, 2085017, 114751, 6432
165, 1838128, 164808, 2101338, 115096, 7565
166, 1830940, 156091, 2116929, 115410, 7188
167, 1824284, 147865, 2131497, 115724, 6656
168, 1817973, 140183, 2145208, 116006, 6311
169, 1811764, 135484, 2155887, 116235, 6209
170, 1805973, 128183, 2168712, 116502, 5791
171, 1801754, 120113, 2180772, 116731, 4219
172, 1796620, 113511, 2192288, 116951, 5134
173, 1792880, 106244, 2203084, 117162, 3740
174, 1788489, 100162, 2213352, 117367, 4391
175, 1784281, 94636, 2222899, 117554, 4208
176, 1780230, 89253, 2232152, 117735, 4051
177, 1776518, 84057, 2240875, 117920, 3712
178, 1772911, 79214, 2249150, 118095, 3607
179, 1769637, 76056, 2255458, 118219, 3274
180, 1766450, 71678, 2262897, 118345, 3187
181, 1763461, 67479, 2269940, 118490, 2989
182, 1760726, 63558, 2276471, 118615, 2735
183, 1758108, 59865, 2282672, 118725, 2618
184, 1755718, 56046, 2288779, 118827, 2390
185, 1753415, 52558, 2294444, 118953, 2303
186, 1751617, 50137, 2298585, 119031, 1798
187, 1749521, 47099, 2303605, 119145, 2096
188, 1748450, 44430, 2307278, 119212, 1071
189, 1746666, 41823, 2311587, 119294, 1784
190, 1744960, 39321, 2315723, 119366, 1706
191, 1743377, 36853, 2319700, 119440, 1583
192, 1741871, 34647, 2323348, 119504, 1506
193, 1740709, 32202, 2326877, 119582, 1162
194, 1739694, 29943, 2330088, 119645, 1015
195, 1738476, 27974, 2333193, 119727, 1218
196, 1737354, 26107, 2336124, 119785, 1122
197, 1736285, 24441, 2338806, 119838, 1069
198, 1735317, 22791, 2341376, 119886, 968
199, 1734608, 21110, 2343723, 119929, 709
200, 1733719, 19696, 2345975, 119980, 889
201, 1732847, 18770, 2347737, 120016, 872
202, 1732092, 17429, 2349780, 120069, 755
203, 1731325, 17125, 2350834, 120086, 767
204, 1730630, 16036, 2352585, 120119, 695
205, 1730003, 14957, 2354250, 120160, 627
206, 1729397, 13980, 2355806, 120187, 606
207, 1728870, 13001, 2357287, 120212, 527
208, 1728313, 12396, 2358422, 120239, 557
209, 1727813, 11881, 2359415, 120261, 500
210, 1727339, 11137, 2360621, 120273, 474
211, 1726887, 10467, 2361719, 120297, 452
212, 1726565, 9720, 2362766, 120319, 322
213, 1726181, 9136, 2363716, 120337, 384
214, 1725800, 8808, 2364406, 120356, 381
215, 1725453, 8266, 2365276, 120375, 347
216, 1725098, 7749, 2366134, 120389, 355
217, 1724912, 7180, 2366867, 120411, 186
218, 1724623, 6702, 2367619, 120426, 289
219, 1724342, 6288, 2368303, 120437, 281
220, 1724065, 5938, 2368922, 120445, 277
221, 1723824, 5573, 2369518, 120455, 241
222, 1723579, 5291, 2370034, 120466, 245
223, 1723349, 4964, 2370575, 120482, 230
224, 1723155, 4658, 2371066, 120491, 194
225, 1722955, 4384, 2371530, 120501, 200
226, 1722777, 4110, 2371971, 120512, 178
227, 1722617, 3948, 2372284, 120521, 160
228, 1722442, 3739, 2372662, 120527, 175
229, 1722273, 3527, 2373034, 120536, 169
230, 1722145, 3308, 2373375, 120542, 128
231, 1722010, 3088, 2373726, 120546, 135
232, 1721868, 3044, 2373908, 120550, 142
233, 1721741, 2882, 2374187, 120560, 127
234, 1721606, 2736, 2374461, 120567, 135
235, 1721527, 2538, 2374733, 120572, 79
236, 1721419, 2405, 2374971, 120575, 108
237, 1721326, 2253, 2375207, 120584, 93
238, 1721238, 2111, 2375431, 120590, 88
239, 1721162, 1993, 2375623, 120592, 76
240, 1721081, 1874, 2375820, 120595, 81
241, 1720994, 1783, 2375996, 120597, 87
242, 1720929, 1688, 2376153, 120600, 65
243, 1720876, 1566, 2376324, 120604, 53
244, 1720812, 1461, 2376490, 120607, 64
245, 1720754, 1391, 2376617, 120608, 58
246, 1720691, 1319, 2376748, 120612, 63
247, 1720640, 1228, 2376886, 120616, 51
248, 1720599, 1142, 2377008, 120621, 41
249, 1720570, 1036, 2377143, 120621, 29
250, 1720526, 1001, 2377221, 120622, 44
251, 1720494, 925, 2377328, 120623, 32
252, 1720446, 880, 2377421, 120623, 48
253, 1720399, 839, 2377505, 120627, 47
254, 1720366, 796, 2377581, 120627, 33
255, 1720345, 736, 2377660, 120629, 21
256, 1720305, 689, 2377744, 120632, 40
257, 1720277, 652, 2377809, 120632, 28
258, 1720252, 624, 2377861, 120633, 25
259, 1720223, 589, 2377924, 120634, 29
260, 1720195, 559, 2377982, 120634, 28
261, 1720175, 516, 2378045, 120634, 20
262, 1720153, 487, 2378094, 120636, 22
263, 1720130, 469, 2378133, 120638, 23
264, 1720114, 456, 2378162, 120638, 16
265, 1720098, 428, 2378206, 120638, 16
266, 1720087, 407, 2378238, 120638, 11
267, 1720077, 369, 2378286, 120638, 10
268, 1720057, 342, 2378332, 120639, 20
269, 1720042, 324, 2378364, 120640, 15
270, 1720026, 319, 2378385, 120640, 16
271, 1720010, 295, 2378425, 120640, 16
272, 1719997, 280, 2378453, 120640, 13
273, 1719989, 263, 2378477, 120641, 8
274, 1719977, 246, 2378505, 120642, 12
275, 1719968, 227, 2378533, 120642, 9
276, 1719957, 218, 2378553, 120642, 11
277, 1719952, 201, 2378575, 120642, 5
278, 1719945, 185, 2378597, 120643, 7
279, 1719940, 174, 2378611, 120645, 5
280, 1719935, 163, 2378627, 120645, 5
281, 1719929, 158, 2378638, 120645, 6
282, 1719921, 156, 2378648, 120645, 8
283, 1719917, 140, 2378668, 120645, 4
284, 1719914, 128, 2378683, 120645, 3
285, 1719909, 117, 2378699, 120645, 5
286, 1719904, 106, 2378715, 120645, 5
287, 1719898, 99, 2378728, 120645, 6
288, 1719896, 93, 2378736, 120645, 2
289, 1719894, 83, 2378748, 120645, 2
290, 1719886, 82, 2378756, 120646, 8
291, 1719882, 75, 2378766, 120647, 4
292, 1719879, 73, 2378771, 120647, 3
293, 1719874, 71, 2378778, 120647, 5
294, 1719871, 69, 2378783, 120647, 3
295, 1719867, 68, 2378787, 120648, 4
296, 1719863, 66, 2378793, 120648, 4
297, 1719861, 60, 2378799, 120650, 2
298, 1719858, 59, 2378803, 120650, 3
299, 1719853, 61, 2378806, 120650, 5
300, 1719851, 58, 2378811, 120650, 2
301, 1719849, 55, 2378816, 120650, 2
302, 1719847, 51, 2378822, 120650, 2
303, 1719845, 51, 2378824, 120650, 2
304, 1719844, 50, 2378826, 120650, 1
305, 1719841, 45, 2378834, 120650, 3
306, 1719838, 44, 2378838, 120650, 3
307, 1719837, 42, 2378841, 120650, 1
308, 1719837, 37, 2378845, 120651, 0
309, 1719834, 37, 2378848, 120651, 3
310, 1719830, 37, 2378852, 120651, 4
311, 1719827, 36, 2378856, 120651, 3
312, 1719824, 37, 2378858, 120651, 3
313, 1719821, 37, 2378861, 120651, 3
314, 1719821, 32, 2378866, 120651, 0
315, 1719820, 31, 2378868, 120651, 1
316, 1719819, 30, 2378870, 120651, 1
317, 1719816, 31, 2378872, 120651, 3
318, 1719815, 30, 2378874, 120651, 1
319, 1719815, 29, 2378875, 120651, 0
320, 1719813, 28, 2378877, 120652, 2
321, 1719811, 27, 2378880, 120652, 2
322, 1719810, 27, 2378881, 120652, 1
323, 1719810, 27, 2378881, 120652, 0
324, 1719809, 25, 2378884, 120652, 1
325, 1719809, 21, 2378888, 120652, 0
326, 1719808, 19, 2378891, 120652, 1
327, 1719808, 16, 2378894, 120652, 0
328, 1719807, 14, 2378897, 120652, 1
329, 1719807, 14, 2378897, 120652, 0
330, 1719805, 15, 2378898, 120652, 2
331, 1719804, 15, 2378899, 120652, 1
332, 1719804, 12, 2378902, 120652, 0
333, 1719803, 12, 2378903, 120652, 1
334, 1719802, 13, 2378903, 120652, 1
335, 1719802, 11, 2378905, 120652, 0
336, 1719802, 9, 2378907, 120652, 0
337, 1719802, 8, 2378908, 120652, 0
338, 1719802, 8, 2378908, 120652, 0
339, 1719802, 7, 2378909, 120652, 0
340, 1719800, 9, 2378909, 120652, 2
341, 1719799, 9, 2378910, 120652, 1
342, 1719798, 10, 2378910, 120652, 1
343, 1719797, 10, 2378911, 120652, 1
344, 1719796, 11, 2378911, 120652, 1
345, 1719795, 10, 2378913, 120652, 1
346, 1719795, 9, 2378914, 120652, 0
347, 1719794, 10, 2378914, 120652, 1
348, 1719794, 9, 2378915, 120652, 0
349, 1719794, 8, 2378916, 120652, 0
350, 1719791, 11, 2378916, 120652, 3
351, 1719791, 11, 2378916, 120652, 0
352, 1719791, 11, 2378916, 120652, 0
353, 1719791, 11, 2378916, 120652, 0
354, 1719791, 11, 2378916, 120652, 0
355, 1719791, 9, 2378918, 120652, 0
356, 1719790, 9, 2378919, 120652, 1
357, 1719789, 9, 2378920, 120652, 1
358, 1719789, 8, 2378921, 120652, 0
359, 1719788, 8, 2378922, 120652, 1
360, 1719788, 7, 2378923, 120652, 0
361, 1719787, 8, 2378923, 120652, 1
362, 1719786, 8, 2378924, 120652, 1
363, 1719785, 9, 2378924, 120652, 1
364, 1719785, 9, 2378924, 120652, 0
365, 1719784, 7, 2378927, 120652, 1