Day, Susceptible, Infected, Recovered, Dead, New Cases
1, 4217737, 897, 736, 0, 0
2, 4217682, 891, 796, 1, 55
3, 4217615, 903, 851, 1, 67
4, 4217544, 920, 901, 5, 71
5, 4217493, 931, 941, 5, 51
6, 4217434, 937, 994, 5, 59
7, 4217381, 942, 1039, 8, 53
8, 4217326, 956, 1079, 9, 55
9, 4217260, 984, 1116, 10, 66
10, 4217196, 1015, 1147, 12, 64
11, 4217132, 1054, 1172, 12, 64
12, 4217072, 1076, 1210, 12, 60
13, 4216997, 1121, 1239, 13, 75
14, 4216918, 1158, 1280, 14, 79
15, 4216837, 1220, 1299, 14, 81
16, 4216752, 1277, 1327, 14, 85
17, 4216664, 1285, 1406, 15, 88
18, 4216579, 1282, 1494, 15, 85
19, 4216503, 1264, 1587, 16, 76
20, 4216419, 1277, 1656, 18, 84
21, 4216326, 1288, 1737, 19, 93
22, 4216245, 1306, 1799, 20, 81
23, 4216172, 1314, 1863, 21, 73
24, 4216086, 1318, 1944, 22, 86
25, 4215999, 1333, 2016, 22, 87
26, 4215904, 1352, 2091, 23, 95
27, 4215815, 1373, 2159, 23, 89
28, 4215732, 1373, 2241, 24, 83
29, 4215641, 1380, 2321, 28, 91
30, 4215559, 1370, 2413, 28, 82
31, 4215478, 1362, 2502, 28, 81
32, 4215385, 1363, 2593, 29, 93
33, 4215270, 1391, 2680, 29, 115
34, 4215174, 1403, 2762, 31, 96
35, 4215090, 1397, 2851, 32, 84
36, 4214982, 1402, 2951, 35, 108
37, 4214879, 1417, 3034, 40, 103
38, 4214800, 1419, 3109, 42, 79
39, 4214694, 1435, 3198, 43, 106
40, 4214588, 1453, 3286, 43, 106
41, 4214501, 1441, 3382, 46, 87
42, 4214356, 1493, 3474, 47, 145
43, 4214191, 1571, 3559, 49, 165
44, 4214023, 1647, 3649, 51, 168
45, 4213862, 1722, 3735, 51, 161
46, 4213687, 1816, 3813, 54, 175
47, 4213502, 1906, 3907, 55, 185
48, 4213307, 1984, 4023, 56, 195
49, 4213095, 2099, 4120, 56, 212
50, 4212875, 2233, 4203, 59, 220
51, 4212634, 2366, 4308, 62, 241
52, 4212405, 2489, 4414, 62, 229
53, 4212139, 2674, 4495, 62, 266
54, 4211850, 2855, 4603, 62, 289
55, 4211534, 3065, 4708, 63, 316
56, 4211219, 3292, 4793, 66, 315
57, 4210839, 3525, 4933, 73, 380
58, 4210452, 3746, 5095, 77, 387
59, 4210046, 3983, 5261, 80, 406
60, 4209648, 4220, 5418, 84, 398
61, 4209208, 4485, 5588, 89, 440
62, 4208688, 4820, 5768, 94, 520
63, 4208184, 5128, 5962, 96, 504
64, 4207646, 5454, 6168, 102, 538
65, 4207067, 5812, 6383, 108, 579
66, 4206451, 6187, 6620, 112, 616
67, 4205786, 6623, 6848, 113, 665
68, 4205086, 7057, 7112, 115, 700
69, 4204315, 7538, 7398, 119, 771
70, 4203508, 8029, 7707, 126, 807
71, 4202670, 8551, 8017, 132, 838
72, 4201776, 9065, 8391, 138, 894
73, 4200855, 9599, 8775, 141, 921
74, 4199813, 10235, 9172, 150, 1042
75, 4198786, 10864, 9563, 157, 1027
76, 4197712, 11498, 9998, 162, 1074
77, 4196501, 12189, 10511, 169, 1211
78, 4195216, 12970, 11002, 182, 1285
79, 4193790, 13858, 11526, 196, 1426
80, 4192318, 14751, 12091, 210, 1472
81, 4190756, 15697, 12698, 219, 1562
82, 4189079, 16707, 13349, 235, 1677
83, 4187298, 17788, 14036, 248, 1781
84, 4185381, 18934, 14793, 262, 1917
85, 4183410, 20098, 15581, 281, 1971
86, 4181364, 21306, 16394, 306, 2046
87, 4179120, 22656, 17274, 320, 2244
88, 4176816, 24039, 18179, 336, 2304
89, 4174306, 25507, 19200, 357, 2510
90, 4171561, 27225, 20207, 377, 2745
91, 4168745, 28967, 21262, 396, 2816
92, 4165676, 30825, 22445, 424, 3069
93, 4162481, 32735, 23707, 447, 3195
94, 4159009, 34781, 25109, 471, 3472
95, 4155484, 36834, 26544, 508, 3525
96, 4151611, 39145, 28079, 535, 3873
97, 4147528, 41551, 29720, 571, 4083
98, 4143093, 44205, 31473, 599, 4435
99, 4138591, 46790, 33358, 631, 4502
100, 4133804, 49606, 35287, 673, 4787
101, 4128668, 52696, 37295, 711, 5136
102, 4123096, 56024, 39494, 756, 5572
103, 4117395, 59421, 41750, 804, 5701
104, 4111239, 63067, 44209, 855, 6156
105, 4104622, 66939, 46900, 909, 6617
106, 4097820, 70925, 49667, 958, 6802
107, 4090496, 75180, 52673, 1021, 7324
108, 4082907, 79574, 55814, 1075, 7589
109, 4074827, 84182, 59217, 1144, 8080
110, 4066249, 89235, 62665, 1221, 8578
111, 4057095, 94516, 66470, 1289, 9154
112, 4047507, 100021, 70471, 1371, 9588
113, 4037821, 105272, 74810, 1467, 9686
114, 4027199, 111392, 79210, 1569, 10622
115, 4015977, 117827, 83892, 1674, 11222
116, 4004300, 124368, 88924, 1778, 11677
117, 3991854, 131242, 94390, 1884, 12446
118, 3978731, 138664, 99967, 2008, 13123
119, 3965044, 146195, 106000, 2131, 13687
120, 3950480, 154142, 112478, 2270, 14564
121, 3935195, 162625, 119119, 2431, 15285
122, 3920005, 170491, 126304, 2570, 15190
123, 3903141, 179766, 133756, 2707, 16864
124, 3885841, 188986, 141668, 2875, 17300
125, 3867557, 198692, 150086, 3035, 18284
126, 3848331, 208764, 159077, 3198, 19226
127, 3828249, 219258, 168496, 3367, 20082
128, 3807450, 230371, 177643, 3906, 20799
129, 3786952, 240247, 187669, 4502, 20498
130, 3764414, 251563, 198267, 5126, 22538
131, 3741139, 263161, 209305, 5765, 23275
132, 3716745, 275109, 221098, 6418, 24394
133, 3691456, 287275, 233410, 7229, 25289
134, 3665164, 299880, 246361, 7965, 26292
135, 3638079, 312401, 260139, 8751, 27085
136, 3610025, 325170, 274579, 9596, 28054
137, 3580681, 339324, 288917, 10448, 29344
138, 3550893, 352248, 304827, 11402, 29788
139, 3519767, 366074, 321129, 12400, 31126
140, 3487917, 379640, 338425, 13388, 31850
141, 3455340, 392991, 356622, 14417, 32577
142, 3421838, 406411, 375582, 15539, 33502
143, 3387624, 419826, 395290, 16630, 34214
144, 3352500, 434452, 414659, 17759, 35124
145, 3316722, 447692, 435940, 19016, 35778
146, 3280002, 461137, 457927, 20304, 36720
147, 3242778, 473967, 480939, 21686, 37224
148, 3205260, 486196, 504808, 23106, 37518
149, 3167424, 497740, 529661, 24545, 37836
150, 3128791, 509288, 555312, 25979, 38633
151, 3089857, 520168, 581816, 27529, 38934
152, 3057672, 523009, 609580, 29109, 32185
153, 3018436, 532457, 637726, 30751, 39236
154, 2979457, 540310, 667169, 32434, 38979
155, 2940215, 547702, 697340, 34113, 39242
156, 2901013, 554327, 728165, 35865, 39202
157, 2862458, 559380, 759683, 37849, 38555
158, 2832895, 554729, 791929, 39817, 29563
159, 2794510, 557990, 825145, 41725, 38385
160, 2757162, 559560, 858958, 43690, 37348
161, 2719813, 560189, 893578, 45790, 37349
162, 2683245, 559533, 928704, 47888, 36568
163, 2647109, 558151, 964183, 49927, 36136
164, 2616065, 551359, 999909, 52037, 31044
165, 2581166, 547625, 1036496, 54083, 34899
166, 2546882, 542975, 1073275, 56238, 34284
167, 2513535, 544137, 1103660, 58038, 33347
168, 2481013, 537423, 1140695, 60239, 32522
169, 2449985, 529472, 1177517, 62396, 31028
170, 2418871, 521344, 1214569, 64586, 31114
171, 2388602, 512411, 1251583, 66774, 30269
172, 2359246, 503212, 1287988, 68924, 29356
173, 2330534, 502361, 1315925, 70550, 28712
174, 2307466, 487044, 1352150, 72710, 23068
175, 2280687, 476475, 1387437, 74771, 26779
176, 2254875, 464938, 1422679, 76878, 25812
177, 2229550, 453695, 1457203, 78922, 25325
178, 2205414, 441695, 1491352, 80909, 24136
179, 2185755, 430310, 1520659, 82646, 19659
180, 2163150, 418016, 1553622, 84582, 22605
181, 2141503, 405379, 1586004, 86484, 21647
182, 2123225, 390310, 1617574, 88261, 18278
183, 2103766, 377247, 1648403, 89954, 19459
184, 2086829, 363156, 1677803, 91582, 16937
185, 2068980, 349891, 1707234, 93265, 17849
186, 2051974, 336628, 1735872, 94896, 17006
187, 2035501, 323745, 1763669, 96455, 16473
188, 2019775, 310759, 1790784, 98052, 15726
189, 2004761, 302705, 1812578, 99326, 15014
190, 1991325, 289362, 1837928, 100755, 13436
191, 1977671, 277204, 1862354, 102141, 13654
192, 1964585, 264965, 1886231, 103589, 13086
193, 1952378, 253036, 1908997, 104959, 12207
194, 1940444, 245311, 1927543, 106072, 11934
195, 1929089, 234061, 1948879, 107341, 11355
196, 1918388, 223115, 1969340, 108527, 10701
197, 1908338, 214887, 1986592, 109553, 10050
198, 1898605, 205161, 2004966, 110638, 9733
199, 1889370, 197459, 2020957, 111584, 9235
200, 1880551, 188429, 2037854, 112536, 8819
201, 1872177, 179797, 2054510, 112886, 8374
202, 1864218, 171283, 2070646, 113223, 7959
203, 1856614, 163161, 2086060, 113535, 7604
204, 1849545, 155216, 2100782, 113827, 7069
205, 1842632, 148693, 2113961, 114084, 6913
206, 1836303, 141368, 2127378, 114321, 6329
207, 1830169, 134416, 2140229, 114556, 6134
208, 1824209, 128169, 2152197, 114795, 5960
209, 1818622, 121822, 2163895, 115031, 5587
210, 1813452, 115637, 2175032, 115249, 5170
211, 1808465, 109923, 2185510, 115472, 4987
212, 1803594, 104744, 2195353, 115679, 4871
213, 1799012, 99593, 2204899, 115866, 4582
214, 1794848, 94522, 2213946, 116054, 4164
215, 1791687, 88864, 2222593, 116226, 3161
216, 1787919, 84258, 2230825, 116368, 3768
217, 1784366, 79852, 2238617, 116535, 3553
218, 1780944, 75670, 2246089, 116667, 3422
219, 1777811, 71734, 2253028, 116797, 3133
220, 1774734, 67898, 2259803, 116935, 3077
221, 1771883, 64420, 2266010, 117057, 2851
222, 1769751, 60418, 2272019, 117182, 2132
223, 1767241, 56968, 2277860, 117301, 2510
224, 1764787, 53835, 2283340, 117408, 2454
225, 1763024, 50428, 2288406, 117512, 1763
226, 1760978, 47487, 2293296, 117609, 2046
227, 1758979, 44615, 2298059, 117717, 1999
228, 1757120, 41892, 2302550, 117808, 1859
229, 1755377, 39471, 2306635, 117887, 1743
230, 1753757, 37930, 2309723, 117960, 1620
231, 1752228, 35691, 2313415, 118036, 1529
232, 1750751, 33615, 2316892, 118112, 1477
233, 1749635, 31309, 2320243, 118183, 1116
234, 1748370, 29441, 2323321, 118238, 1265
235, 1747205, 27529, 2326336, 118300, 1165
236, 1746026, 25857, 2329133, 118354, 1179
237, 1744966, 24785, 2331224, 118395, 1060
238, 1743959, 23282, 2333692, 118437, 1007
239, 1743215, 21572, 2336092, 118491, 744
240, 1742347, 20677, 2337819, 118527, 868
241, 1741493, 19485, 2339825, 118567, 854
242, 1740696, 18283, 2341777, 118614, 797
243, 1739955, 17165, 2343600, 118650, 741
244, 1739279, 16098, 2345301, 118692, 676
245, 1738643, 15114, 2346892, 118721, 636
246, 1738033, 14195, 2348400, 118742, 610
247, 1737448, 13303, 2349853, 118766, 585
248, 1736923, 12712, 2350955, 118780, 525
249, 1736433, 11937, 2352196, 118804, 490
250, 1735906, 11299, 2353339, 118826, 527
251, 1735427, 10599, 2354502, 118842, 479
252, 1734993, 9973, 2355544, 118860, 434
253, 1734590, 9369, 2356529, 118882, 403
254, 1734319, 8896, 2357259, 118896, 271
255, 1733961, 8386, 2358115, 118908, 358
256, 1733624, 7869, 2358957, 118920, 337
257, 1733279, 7417, 2359737, 118937, 345
258, 1732959, 6996, 2360464, 118951, 320
259, 1732699, 6580, 2361132, 118959, 260
260, 1732468, 6175, 2361753, 118974, 231
261, 1732242, 5791, 2362350, 118987, 226
262, 1732063, 5385, 2362926, 118996, 179
263, 1731819, 5104, 2363440, 119007, 244
264, 1731611, 4822, 2363921, 119016, 208
265, 1731477, 4429, 2364440, 119024, 134
266, 1731297, 4130, 2364909, 119034, 180
267, 1731138, 3855, 2365334, 119043, 159
268, 1730981, 3609, 2365730, 119050, 157
269, 1730849, 3470, 2365997, 119054, 132
270, 1730690, 3271, 2366347, 119062, 159
271, 1730543, 3081, 2366676, 119070, 147
272, 1730402, 2877, 2367019, 119072, 141
273, 1730274, 2685, 2367333, 119078, 128
274, 1730165, 2534, 2367589, 119082, 109
275, 1730064, 2404, 2367817, 119085, 101
276, 1729973, 2269, 2368042, 119086, 91
277, 1729875, 2188, 2368216, 119091, 98
278, 1729781, 2038, 2368456, 119095, 94
279, 1729698, 1913, 2368659, 119100, 83
280, 1729619, 1858, 2368792, 119101, 79
281, 1729546, 1751, 2368969, 119104, 73
282, 1729482, 1656, 2369125, 119107, 64
283, 1729425, 1556, 2369276, 119113, 57
284, 1729356, 1493, 2369407, 119114, 69
285, 1729298, 1392, 2369562, 119118, 58
286, 1729252, 1291, 2369706, 119121, 46
287, 1729204, 1198, 2369846, 119122, 48
288, 1729164, 1110, 2369972, 119124, 40
289, 1729111, 1054, 2370079, 119126, 53
290, 1729070, 994, 2370177, 119129, 41
291, 1729046, 927, 2370267, 119130, 24
292, 1729015, 860, 2370362, 119133, 31
293, 1728983, 798, 2370452, 119137, 32
294, 1728947, 751, 2370534, 119138, 36
295, 1728918, 701, 2370611, 119140, 29
296, 1728888, 658, 2370683, 119141, 30
297, 1728862, 620, 2370745, 119143, 26
298, 1728838, 587, 2370801, 119144, 24
299, 1728815, 541, 2370868, 119146, 23
300, 1728790, 508, 2370924, 119148, 25
301, 1728767, 485, 2370969, 119149, 23
302, 1728746, 458, 2371016, 119150, 21
303, 1728731, 433, 2371055, 119151, 15
304, 1728712, 399, 2371106, 119153, 19
305, 1728694, 376, 2371146, 119154, 18
306, 1728675, 371, 2371169, 119155, 19
307, 1728658, 357, 2371200, 119155, 17
308, 1728650, 333, 2371232, 119155, 8
309, 1728630, 317, 2371267, 119156, 20
310, 1728625, 293, 2371295, 119157, 5
311, 1728612, 276, 2371325, 119157, 13
312, 1728602, 260, 2371351, 119157, 10
313, 1728588, 250, 2371374, 119158, 14
314, 1728580, 235, 2371397, 119158, 8
315, 1728569, 221, 2371420, 119160, 11
316, 1728558, 209, 2371443, 119160, 11
317, 1728554, 192, 2371464, 119160, 4
318, 1728551, 180, 2371479, 119160, 3
319, 1728547, 165, 2371498, 119160, 4
320, 1728544, 150, 2371516, 119160, 3
321, 1728536, 139, 2371535, 119160, 8
322, 1728530, 128, 2371551, 119161, 6
323, 1728525, 125, 2371558, 119162, 5
324, 1728519, 111, 2371578, 119162, 6
325, 1728513, 112, 2371583, 119162, 6
326, 1728508, 104, 2371596, 119162, 5
327, 1728503, 99, 2371605, 119163, 5
328, 1728497, 91, 2371618, 119164, 6
329, 1728495, 85, 2371625, 119165, 2
330, 1728492, 77, 2371636, 119165, 3
331, 1728490, 68, 2371646, 119166, 2
332, 1728488, 66, 2371650, 119166, 2
333, 1728487, 64, 2371653, 119166, 1
334, 1728487, 60, 2371656, 119167, 0
335, 1728485, 59, 2371659, 119167, 2
336, 1728480, 56, 2371666, 119168, 5
337, 1728480, 50, 2371672, 119168, 0
338, 1728478, 47, 2371677, 119168, 2
339, 1728477, 42, 2371683, 119168, 1
340, 1728475, 38, 2371689, 119168, 2
341, 1728475, 33, 2371694, 119168, 0
342, 1728473, 30, 2371698, 119169, 2
343, 1728472, 25, 2371704, 119169, 1
344, 1728472, 23, 2371706, 119169, 0
345, 1728470, 22, 2371709, 119169, 2
346, 1728470, 20, 2371711, 119169, 0
347, 1728469, 19, 2371713, 119169, 1
348, 1728468, 19, 2371714, 119169, 1
349, 1728468, 19, 2371714, 119169, 0
350, 1728467, 18, 2371716, 119169, 1
351, 1728466, 14, 2371721, 119169, 1
352, 1728465, 15, 2371721, 119169, 1
353, 1728465, 13, 2371723, 119169, 0
354, 1728465, 12, 2371724, 119169, 0
355, 1728465, 10, 2371725, 119170, 0
356, 1728465, 10, 2371725, 119170, 0
357, 1728464, 9, 2371727, 119170, 1
358, 1728464, 8, 2371728, 119170, 0
359, 1728463, 9, 2371728, 119170, 1
360, 1728463, 7, 2371730, 119170, 0
361, 1728461, 9, 2371730, 119170, 2
362, 1728461, 8, 2371731, 119170, 0
363, 1728461, 7, 2371732, 119170, 0
364, 1728460, 8, 2371732, 119170, 1
365, 1728460, 7, 2371733, 119170, 0
366, 1728460, 6, 2371734, 119170, 0
367, 1728460, 5, 2371735, 119170, 0
368, 1728459, 6, 2371735, 119170, 1
369, 1728459, 6, 2371735, 119170, 0
370, 1728459, 6, 2371735, 119170, 0
371, 1728459, 6, 2371735, 119170, 0
372, 1728458, 6, 2371736, 119170, 1
373, 1728458, 6, 2371736, 119170, 0
374, 1728458, 5, 2371737, 119170, 0
375, 1728458, 5, 2371737, 119170, 0
376, 1728458, 3, 2371739, 119170, 0
377, 1728458, 3, 2371739, 119170, 0
378, 1728458, 3, 2371739, 119170, 0
379, 1728458, 2, 2371740, 119170, 0
380, 1728458, 2, 2371740, 119170, 0
381, 1728457, 3, 2371740, 119170, 1
382, 1728457, 3, 2371740, 119170, 0
383, 1728457, 2, 2371741, 119170, 0
384, 1728457, 2, 2371741, 119170, 0
385, 1728457, 2, 2371741, 119170, 0
386, 1728457, 2, 2371741, 119170, 0
387, 1728457, 1, 2371742, 119170, 0
388, 1728457, 1, 2371742, 119170, 0
389, 1728457, 1, 2371742, 119170, 0
390, 1728457, 1, 2371742, 119170, 0
391, 1728457, 1, 2371742, 119170, 0
392, 1728457, 1, 2371742, 119170, 0
393, 1728457, 1, 2371742, 119170, 0
394, 1728457, 1, 2371742, 119170, 0
395, 1728457, 1, 2371742, 119170, 0
396, 1728457, 0, 2371743, 119170, 0