Day, Susceptible, Infected, Recovered, Dead, New Cases
1, 10000000, 1, 0, 0, 0
2, 9999999, 2, 0, 0, 1
3, 9999999, 2, 0, 0, 0
4, 9999999, 2, 0, 0, 0
5, 9999999, 2, 0, 0, 0
6, 9999999, 2, 0, 0, 0
7, 9999999, 2, 0, 0, 0
8, 9999998, 3, 0, 0, 1
9, 9999998, 3, 0, 0, 0
10, 9999997, 4, 0, 0, 1
11, 9999996, 5, 0, 0, 1
12, 9999996, 5, 0, 0, 0
13, 9999995, 6, 0, 0, 1
14, 9999994, 7, 0, 0, 1
15, 9999991, 10, 0, 0, 3
16, 9999988, 13, 0, 0, 3
17, 9999986, 14, 1, 0, 2
18, 9999984, 16, 1, 0, 2
19, 9999982, 18, 1, 0, 2
20, 9999980, 20, 1, 0, 2
21, 9999972, 28, 1, 0, 8
22, 9999968, 32, 1, 0, 4
23, 9999961, 37, 3, 0, 7
24, 9999949, 49, 3, 0, 12
25, 9999942, 52, 7, 0, 7
26, 9999929, 63, 9, 0, 13
27, 9999920, 70, 11, 0, 9
28, 9999911, 77, 12, 1, 9
29, 9999898, 88, 14, 1, 13
30, 9999880, 100, 20, 1, 18
31, 9999865, 111, 24, 1, 15
32, 9999839, 135, 26, 1, 26
33, 9999800, 171, 29, 1, 39
34, 9999763, 207, 30, 1, 37
35, 9999717, 250, 33, 1, 46
36, 9999666, 288, 45, 2, 51
37, 9999596, 350, 53, 2, 70
38, 9999528, 407, 64, 2, 68
39, 9999445, 476, 77, 3, 83
40, 9999349, 562, 87, 3, 96
41, 9999230, 661, 106, 4, 119
42, 9999089, 786, 122, 4, 141
43, 9998924, 918, 154, 5, 165
44, 9998746, 1058, 192, 5, 178
45, 9998530, 1226, 238, 7, 216
46, 9998258, 1454, 281, 8, 272
47, 9997949, 1703, 340, 9, 309
48, 9997593, 1989, 409, 10, 356
49, 9997176, 2331, 484, 10, 417
50, 9996706, 2696, 586, 13, 470
51, 9996170, 3108, 707, 16, 536
52, 9995534, 3621, 826, 20, 636
53, 9994755, 4254, 972, 20, 779
54, 9993845, 4976, 1157, 23, 910
55, 9992810, 5827, 1337, 27, 1035
56, 9991589, 6841, 1541, 30, 1221
57, 9990161, 8005, 1804, 31, 1428
58, 9988473, 9372, 2114, 42, 1688
59, 9986481, 11006, 2467, 47, 1992
60, 9984258, 12811, 2881, 51, 2223
61, 9981554, 14975, 3415, 57, 2704
62, 9978428, 17472, 4035, 66, 3126
63, 9974801, 20370, 4755, 75, 3627
64, 9970494, 23846, 5571, 90, 4307
65, 9965539, 27854, 6504, 104, 4955
66, 9959589, 32765, 7518, 129, 5950
67, 9952687, 38463, 8703, 148, 6902
68, 9944481, 45300, 10047, 173, 8206
69, 9935045, 52998, 11757, 201, 9436
70, 9923881, 62176, 13702, 242, 11164
71, 9910982, 72775, 15959, 285, 12899
72, 9895802, 85300, 18546, 353, 15180
73, 9877879, 99918, 21802, 402, 17923
74, 9857293, 116503, 25728, 477, 20586
75, 9833065, 136237, 30137, 562, 24228
76, 9804924, 159027, 35380, 670, 28141
77, 9771963, 185872, 41381, 785, 32961
78, 9733806, 216870, 48419, 906, 38157
79, 9689431, 252729, 56752, 1089, 44375
80, 9638109, 294354, 66250, 1288, 51322
81, 9578459, 342503, 77521, 1518, 59650
82, 9509314, 398562, 90313, 1812, 69145
83, 9429798, 462554, 105518, 2131, 79516
84, 9339448, 534612, 123446, 2495, 90350
85, 9234912, 618007, 144151, 2931, 104536
86, 9115942, 712675, 167958, 3426, 118970
87, 8980242, 819976, 195838, 3945, 135700
88, 8826662, 940688, 228097, 4554, 153580
89, 8655300, 1074411, 264942, 5348, 171362
90, 8461389, 1224893, 307512, 6207, 193911
91, 8246575, 1390019, 356225, 7182, 214814
92, 8009437, 1569978, 412317, 8269, 237138
93, 7749183, 1764823, 476396, 9599, 260254
94, 7468746, 1971413, 548725, 11117, 280437
95, 7165409, 2191875, 629958, 12759, 303337
96, 6843688, 2419800, 721854, 14659, 321721
97, 6555016, 2603045, 825141, 16799, 288672
98, 6207271, 2833447, 940141, 19142, 347745
99, 5850522, 3061194, 1066557, 21728, 356749
100, 5488643, 3279926, 1206804, 24628, 361879
101, 5126889, 3484280, 1361099, 27733, 361754
102, 4768356, 3670394, 1530132, 31119, 358533
103, 4472557, 3785575, 1700669, 41200, 295799
104, 4224313, 3833392, 1890220, 52076, 248244
105, 3923384, 3915410, 2097058, 64149, 300929
106, 3619429, 3986044, 2317640, 76888, 303955
107, 3340198, 4016278, 2552826, 90699, 279231
108, 3101416, 3989515, 2803695, 105375, 238782
109, 2858845, 3960315, 3060407, 120434, 242571
110, 2638324, 3899468, 3326326, 135883, 220521
111, 2438827, 3796855, 3611902, 152417, 199497
112, 2275583, 3682339, 3874322, 167757, 163244
113, 2119666, 3516352, 4178632, 185351, 155917
114, 1976054, 3337223, 4483546, 203178, 143612
115, 1856884, 3129146, 4792906, 221065, 119170
116, 1753551, 2907579, 5111234, 227637, 103333
117, 1660822, 2680910, 5424180, 234089, 92729
118, 1577266, 2500724, 5682597, 239414, 83556
119, 1509869, 2343508, 5902795, 243829, 67397
120, 1455911, 2130014, 6164848, 249228, 53958
121, 1407683, 1911229, 6426554, 254535, 48228
122, 1357452, 1716212, 6666815, 259522, 50231
123, 1315661, 1547165, 6873413, 263762, 41791
124, 1281895, 1367589, 7082469, 268048, 33766
125, 1249481, 1207214, 7271387, 271919, 32414
126, 1230997, 1051506, 7442093, 275405, 18484
127, 1206880, 932487, 7582286, 278348, 24117
128, 1187138, 814588, 7717260, 281015, 19742
129, 1170148, 704972, 7841300, 283581, 16990
130, 1155024, 614845, 7944432, 285700, 15124
131, 1143386, 534716, 8034320, 287579, 11638
132, 1132063, 464718, 8114054, 289166, 11323
133, 1122532, 400197, 8186651, 290621, 9531
134, 1115055, 347817, 8245314, 291815, 7477
135, 1108010, 306746, 8292447, 292798, 7045
136, 1102581, 268915, 8334883, 293622, 5429
137, 1097430, 229348, 8378715, 294508, 5151
138, 1092824, 196595, 8415314, 295268, 4606
139, 1088874, 170321, 8444886, 295920, 3950
140, 1085554, 144830, 8473138, 296479, 3320
141, 1082440, 131168, 8489593, 296800, 3114
142, 1079832, 112305, 8510653, 297211, 2608
143, 1078436, 95882, 8528110, 297573, 1396
144, 1076561, 82432, 8543153, 297855, 1875
145, 1075301, 70187, 8556353, 298160, 1260
146, 1074321, 60692, 8566619, 298369, 980
147, 1073282, 51687, 8576457, 298575, 1039
148, 1072257, 44216, 8584796, 298732, 1025
149, 1071388, 38472, 8591275, 298866, 869
150, 1070766, 32768, 8597479, 298988, 622
151, 1070067, 28632, 8602232, 299070, 699
152, 1069584, 24587, 8606664, 299166, 483
153, 1069199, 20879, 8610670, 299253, 385
154, 1068863, 17675, 8614138, 299325, 336
155, 1068571, 15037, 8617016, 299377, 292
156, 1068341, 12491, 8619730, 299439, 230
157, 1068102, 10385, 8622041, 299473, 239
158, 1067900, 9307, 8623290, 299504, 202
159, 1067744, 7802, 8624923, 299532, 156
160, 1067616, 6775, 8626065, 299545, 128
161, 1067508, 5980, 8626953, 299560, 108
162, 1067385, 5173, 8627860, 299583, 123
163, 1067300, 4340, 8628764, 299597, 85
164, 1067200, 3655, 8629526, 299620, 100
165, 1067157, 3135, 8630078, 299631, 43
166, 1067111, 2578, 8630675, 299637, 46
167, 1067064, 2217, 8631077, 299643, 47
168, 1067029, 1911, 8631412, 299649, 35
169, 1066988, 1658, 8631702, 299653, 41
170, 1066952, 1430, 8631961, 299658, 36
171, 1066934, 1238, 8632164, 299665, 18
172, 1066917, 1045, 8632368, 299671, 17
173, 1066892, 891, 8632543, 299675, 25
174, 1066883, 768, 8632669, 299681, 9
175, 1066872, 669, 8632777, 299683, 11
176, 1066855, 578, 8632879, 299689, 17
177, 1066850, 475, 8632986, 299690, 5
178, 1066839, 409, 8633062, 299691, 11
179, 1066830, 328, 8633150, 299693, 9
180, 1066821, 301, 8633182, 299697, 9
181, 1066816, 264, 8633223, 299698, 5
182, 1066814, 226, 8633262, 299699, 2
183, 1066811, 197, 8633294, 299699, 3
184, 1066809, 159, 8633333, 299700, 2
185, 1066806, 131, 8633363, 299701, 3
186, 1066806, 113, 8633381, 299701, 0
187, 1066806, 97, 8633397, 299701, 0
188, 1066805, 80, 8633414, 299702, 1
189, 1066805, 71, 8633423, 299702, 0
190, 1066805, 61, 8633433, 299702, 0
191, 1066802, 48, 8633449, 299702, 3
192, 1066800, 46, 8633453, 299702, 2
193, 1066800, 38, 8633461, 299702, 0
194, 1066800, 29, 8633469, 299703, 0
195, 1066799, 22, 8633477, 299703, 1
196, 1066799, 17, 8633482, 299703, 0
197, 1066799, 15, 8633484, 299703, 0
198, 1066799, 12, 8633487, 299703, 0
199, 1066799, 10, 8633489, 299703, 0
200, 1066799, 7, 8633492, 299703, 0
201, 1066798, 8, 8633492, 299703, 1
202, 1066797, 9, 8633492, 299703, 1
203, 1066797, 8, 8633493, 299703, 0
204, 1066797, 8, 8633493, 299703, 0
205, 1066797, 8, 8633493, 299703, 0
206, 1066797, 5, 8633496, 299703, 0
207, 1066797, 3, 8633498, 299703, 0
208, 1066797, 3, 8633498, 299703, 0
209, 1066797, 3, 8633498, 299703, 0
210, 1066797, 2, 8633499, 299703, 0
211, 1066797, 2, 8633499, 299703, 0
212, 1066797, 2, 8633499, 299703, 0
213, 1066797, 2, 8633499, 299703, 0
214, 1066797, 2, 8633499, 299703, 0
215, 1066797, 2, 8633499, 299703, 0
216, 1066797, 1, 8633500, 299703, 0
217, 1066797, 0, 8633501, 299703, 0