Day, Susceptible, Infected, Recovered, Dead, New Cases
1, 329999999, 1, 0, 0, 0
2, 329999998, 2, 0, 0, 1
3, 329999998, 2, 0, 0, 0
4, 329999998, 2, 0, 0, 0
5, 329999997, 3, 0, 0, 1
6, 329999995, 5, 0, 0, 2
7, 329999994, 6, 0, 0, 1
8, 329999992, 8, 0, 0, 2
9, 329999991, 9, 0, 0, 1
10, 329999990, 10, 0, 0, 1
11, 329999988, 12, 0, 0, 2
12, 329999986, 14, 0, 0, 2
13, 329999983, 17, 0, 0, 3
14, 329999976, 24, 0, 0, 7
15, 329999968, 32, 0, 0, 8
16, 329999958, 42, 0, 0, 10
17, 329999947, 52, 1, 0, 11
18, 329999939, 60, 1, 0, 8
19, 329999924, 75, 1, 0, 15
20, 329999907, 91, 2, 0, 17
21, 329999892, 104, 3, 1, 15
22, 329999868, 127, 4, 1, 24
23, 329999845, 148, 6, 1, 23
24, 329999827, 165, 7, 1, 18
25, 329999790, 200, 9, 1, 37
26, 329999761, 227, 11, 1, 29
27, 329999704, 282, 13, 1, 57
28, 329999645, 338, 16, 1, 59
29, 329999565, 411, 23, 1, 80
30, 329999466, 502, 31, 1, 99
31, 329999367, 591, 41, 1, 99
32, 329999224, 723, 51, 2, 143
33, 329999072, 867, 59, 2, 152
34, 329998911, 1013, 74, 2, 161
35, 329998703, 1204, 91, 2, 208
36, 329998451, 1441, 106, 2, 252
37, 329998149, 1719, 130, 2, 302
38, 329997785, 2060, 151, 4, 364
39, 329997346, 2481, 169, 4, 439
40, 329996803, 2987, 205, 5, 543
41, 329996113, 3648, 233, 6, 690
42, 329995315, 4389, 290, 6, 798
43, 329994393, 5252, 348, 7, 922
44, 329993225, 6340, 427, 8, 1168
45, 329991920, 7546, 525, 9, 1305
46, 329990279, 9088, 621, 12, 1641
47, 329988252, 10972, 764, 12, 2027
48, 329985885, 13187, 910, 18, 2367
49, 329983007, 15904, 1069, 20, 2878
50, 329979559, 19144, 1276, 21, 3448
51, 329975442, 23009, 1521, 28, 4117
52, 329970464, 27685, 1813, 38, 4978
53, 329964395, 33390, 2172, 43, 6069
54, 329956912, 40434, 2606, 48, 7483
55, 329948188, 48615, 3137, 60, 8724
56, 329937559, 58554, 3811, 76, 10629
57, 329924981, 70334, 4599, 86, 12578
58, 329909781, 84612, 5500, 107, 15200
59, 329891524, 101701, 6639, 136, 18257
60, 329869363, 122557, 7921, 159, 22161
61, 329842790, 147489, 9540, 181, 26573
62, 329810951, 177301, 11532, 216, 31839
63, 329772771, 213114, 13853, 262, 38180
64, 329726692, 256315, 16663, 330, 46079
65, 329671209, 308350, 20044, 397, 55483
66, 329604778, 370664, 24068, 490, 66431
67, 329524858, 445606, 28942, 594, 79920
68, 329429181, 535214, 34877, 728, 95677
69, 329313941, 642971, 42201, 887, 115240
70, 329175384, 772804, 50757, 1055, 138557
71, 329008386, 929173, 61152, 1289, 166998
72, 328808453, 1116528, 73486, 1533, 199933
73, 328567836, 1341945, 88381, 1838, 240617
74, 328279111, 1612413, 106240, 2236, 288725
75, 327932396, 1936967, 127909, 2728, 346715
76, 327517759, 2325031, 153958, 3252, 414637
77, 327039475, 2771476, 185181, 3868, 478284
78, 326446802, 3325969, 222578, 4651, 592673
79, 325824243, 3902449, 267800, 5508, 622559
80, 324993270, 4677939, 322189, 6602, 830973
81, 323999255, 5605523, 384995, 10227, 994015
82, 323074208, 6450650, 460566, 14576, 925047
83, 321767603, 7661578, 550965, 19854, 1306605
84, 320158184, 9155757, 659932, 26127, 1609419
85, 318619730, 10555654, 791082, 33534, 1538454
86, 316624569, 12383817, 949000, 42614, 1995161
87, 314071611, 14736842, 1137894, 53653, 2552958
88, 311828558, 16739278, 1365547, 66617, 2243053
89, 308464847, 19814264, 1638541, 82348, 3363711
90, 304576187, 23356209, 1966226, 101378, 3888660
91, 300468807, 27048952, 2358083, 124158, 4107380
92, 295446510, 31592965, 2810031, 150494, 5022297
93, 290736781, 35710021, 3369908, 183290, 4709729
94, 287116928, 38707315, 3958096, 217661, 3619853
95, 281569433, 43423837, 4743262, 263468, 5547495
96, 277413656, 46585599, 5682964, 317781, 4155777
97, 272193584, 50880624, 6557236, 368556, 5220072
98, 266593952, 55173651, 7791968, 440429, 5599632
99, 261421335, 58736849, 9312575, 529241, 5172617
100, 255965985, 62653745, 10766088, 614182, 5455350
101, 250249801, 66374768, 12651447, 723984, 5716184
102, 246778374, 67293237, 15064280, 864109, 3471427
103, 242215623, 69612935, 17183776, 987666, 4562751
104, 240850830, 67614017, 20362722, 1172431, 1364793
105, 235501338, 69074849, 24036948, 1386865, 5349492
106, 231295294, 69173513, 27919001, 1612192, 4206044
107, 228849974, 66596536, 32665339, 1888151, 2445320
108, 224506920, 66229861, 37115908, 2147311, 4343054
109, 221935820, 65181108, 40536983, 2346089, 2571100
110, 217192028, 64377405, 45779146, 2651421, 4743792
111, 213497831, 63915825, 49705810, 2880534, 3694197
112, 211438539, 60755045, 54638591, 3167825, 2059292
113, 208085191, 58508761, 59930440, 3475608, 3353348
114, 206341681, 55079654, 64818042, 3760623, 1743510
115, 203145123, 52820862, 69973194, 4060821, 3196558
116, 201990091, 48259710, 75375411, 4374788, 1155032
117, 201436257, 45342117, 78655552, 4566074, 553834
118, 200376721, 41838902, 82966935, 4817442, 1059536
119, 199134612, 41716218, 84256705, 4892465, 1242109
120, 198374948, 37126390, 89311221, 5187441, 759664
121, 196866284, 34429010, 93285925, 5418781, 1508664
122, 195799867, 33050107, 95595996, 5554030, 1066417
123, 195270885, 29236035, 99700882, 5792198, 528982
124, 194919256, 27016564, 102130164, 5934016, 351629
125, 194427354, 22764674, 106612912, 6195060, 491902
126, 193479234, 20018597, 110103098, 6399071, 948120
127, 192975036, 18463503, 112049027, 6512434, 504198
128, 192616906, 15468285, 115217505, 6697304, 358130
129, 192371997, 13969684, 116865040, 6793279, 244909
130, 192053220, 11091903, 119884728, 6970149, 318777
131, 191926380, 10063711, 120976406, 7033503, 126840
132, 191724310, 9711947, 121499678, 7064065, 202070
133, 191537716, 8839005, 122500915, 7122364, 186594
134, 191410794, 7723818, 123674521, 7190867, 126922
135, 191288581, 7086367, 124392028, 7233024, 122213
136, 191000292, 5865992, 125817822, 7315894, 288289
137, 190894889, 4904978, 126825328, 7374805, 105403
138, 190825932, 4444953, 127325236, 7403879, 68957
139, 190673026, 4246230, 127657418, 7423326, 152906
140, 190618786, 3808568, 128122411, 7450235, 54240
141, 190464634, 3014600, 129018592, 7502174, 154152
142, 190393873, 2581163, 129495064, 7529900, 70761
143, 190337364, 2279542, 129846040, 7537054, 56509
144, 190253072, 2118925, 130085874, 7542129, 84292
145, 190176003, 1877217, 130398223, 7548557, 77069
146, 190065581, 1860799, 130522481, 7551139, 110422
147, 190032519, 1691791, 130720475, 7555215, 33062
148, 189975611, 1562105, 130903351, 7558933, 56908
149, 189959799, 1450995, 131027727, 7561479, 15812
150, 189909233, 1379348, 131147478, 7563941, 50566
151, 189881577, 1118715, 131430047, 7569661, 27656
152, 189850265, 1044624, 131533355, 7571756, 31312
153, 189835796, 990136, 131600940, 7573128, 14469
154, 189794242, 878784, 131750765, 7576209, 41554
155, 189759376, 859410, 131803854, 7577360, 34866
156, 189736936, 727698, 131954914, 7580452, 22440
157, 189709898, 683975, 132024288, 7581839, 27038
158, 189703871, 633493, 132079734, 7582902, 6027
159, 189695597, 557475, 132162311, 7584617, 8274
160, 189670523, 505480, 132237858, 7586139, 25074
161, 189657173, 408408, 132346062, 7588357, 13350
162, 189651178, 381341, 132378418, 7589063, 5995
163, 189636210, 339401, 132434198, 7590191, 14968
164, 189630632, 329167, 132449724, 7590477, 5578
165, 189624540, 284693, 132499248, 7591519, 6092
166, 189620594, 260983, 132526396, 7592027, 3946
167, 189616808, 233457, 132557092, 7592643, 3786
168, 189613664, 222132, 132571263, 7592941, 3144
169, 189607695, 186547, 132611915, 7593843, 5969
170, 189604113, 155263, 132646073, 7594551, 3582
171, 189597399, 139537, 132668065, 7594999, 6714
172, 189594647, 115251, 132694529, 7595573, 2752
173, 189593977, 109894, 132700421, 7595708, 670
174, 189592491, 103106, 132708522, 7595881, 1486
175, 189590611, 79912, 132733122, 7596355, 1880
176, 189589061, 68112, 132746207, 7596620, 1550
177, 189588164, 63014, 132752082, 7596740, 897
178, 189586294, 49916, 132766762, 7597028, 1870
179, 189583283, 47349, 132772225, 7597143, 3011
180, 189582312, 42228, 132778199, 7597261, 971
181, 189581876, 38718, 132782066, 7597340, 436
182, 189581383, 35425, 132785772, 7597420, 493
183, 189581038, 32626, 132788853, 7597483, 345
184, 189580487, 27208, 132794702, 7597603, 551
185, 189579983, 24130, 132798205, 7597682, 504
186, 189579329, 18070, 132804787, 7597814, 654
187, 189578996, 15651, 132807480, 7597873, 333
188, 189578405, 15572, 132808145, 7597878, 591
189, 189578155, 14336, 132809602, 7597907, 250
190, 189577261, 13350, 132811438, 7597951, 894
191, 189576711, 12350, 132812965, 7597974, 550
192, 189576232, 11932, 132813844, 7597992, 479
193, 189575764, 10530, 132815678, 7598028, 468
194, 189575544, 7739, 132818629, 7598088, 220
195, 189575417, 6895, 132819580, 7598108, 127
196, 189575334, 6542, 132820007, 7598117, 83
197, 189575276, 6107, 132820487, 7598130, 58
198, 189574983, 6055, 132820825, 7598137, 293
199, 189574921, 5566, 132821358, 7598155, 62
200, 189574856, 5127, 132821850, 7598167, 65
201, 189574766, 4563, 132822487, 7598184, 90
202, 189574670, 4326, 132822813, 7598191, 96
203, 189574472, 3933, 132823387, 7598208, 198
204, 189574422, 3733, 132823629, 7598216, 50
205, 189574222, 3039, 132824502, 7598237, 200
206, 189574175, 2536, 132825042, 7598247, 47
207, 189574078, 2154, 132825512, 7598256, 97
208, 189574022, 1742, 132825972, 7598264, 56
209, 189573954, 1590, 132826190, 7598266, 68
210, 189573926, 1491, 132826314, 7598269, 28
211, 189573910, 1424, 132826394, 7598272, 16
212, 189573903, 1373, 132826450, 7598274, 7
213, 189573872, 1111, 132826737, 7598280, 31
214, 189573854, 1067, 132826795, 7598284, 18
215, 189573821, 1035, 132826860, 7598284, 33
216, 189573811, 955, 132826948, 7598286, 10
217, 189573802, 868, 132827044, 7598286, 9
218, 189573785, 687, 132827236, 7598292, 17
219, 189573751, 671, 132827284, 7598294, 34
220, 189573729, 493, 132827479, 7598299, 22
221, 189573723, 452, 132827525, 7598300, 6
222, 189573716, 362, 132827621, 7598301, 7
223, 189573705, 317, 132827676, 7598302, 11
224, 189573697, 257, 132827744, 7598302, 8
225, 189573692, 234, 132827770, 7598304, 5
226, 189573682, 228, 132827786, 7598304, 10
227, 189573680, 223, 132827793, 7598304, 2
228, 189573674, 198, 132827823, 7598305, 6
229, 189573670, 184, 132827840, 7598306, 4
230, 189573668, 153, 132827873, 7598306, 2
231, 189573668, 143, 132827883, 7598306, 0
232, 189573668, 134, 132827892, 7598306, 0
233, 189573660, 125, 132827909, 7598306, 8
234, 189573659, 92, 132827941, 7598308, 1
235, 189573656, 73, 132827963, 7598308, 3
236, 189573650, 73, 132827969, 7598308, 6
237, 189573650, 66, 132827976, 7598308, 0
238, 189573650, 55, 132827987, 7598308, 0
239, 189573649, 48, 132827995, 7598308, 1
240, 189573647, 45, 132827998, 7598310, 2
241, 189573644, 38, 132828008, 7598310, 3
242, 189573642, 38, 132828010, 7598310, 2
243, 189573638, 36, 132828016, 7598310, 4
244, 189573638, 32, 132828020, 7598310, 0
245, 189573637, 31, 132828022, 7598310, 1
246, 189573636, 32, 132828022, 7598310, 1
247, 189573635, 33, 132828022, 7598310, 1
248, 189573635, 25, 132828030, 7598310, 0
249, 189573634, 25, 132828031, 7598310, 1
250, 189573631, 25, 132828034, 7598310, 3
251, 189573631, 19, 132828040, 7598310, 0
252, 189573631, 19, 132828040, 7598310, 0
253, 189573630, 20, 132828040, 7598310, 1
254, 189573630, 19, 132828041, 7598310, 0
255, 189573629, 18, 132828042, 7598311, 1
256, 189573629, 15, 132828045, 7598311, 0
257, 189573629, 13, 132828047, 7598311, 0
258, 189573629, 9, 132828051, 7598311, 0
259, 189573626, 12, 132828051, 7598311, 3
260, 189573625, 12, 132828052, 7598311, 1
261, 189573625, 11, 132828053, 7598311, 0
262, 189573625, 10, 132828054, 7598311, 0
263, 189573624, 11, 132828054, 7598311, 1
264, 189573624, 10, 132828055, 7598311, 0
265, 189573622, 9, 132828058, 7598311, 2
266, 189573622, 9, 132828058, 7598311, 0
267, 189573622, 9, 132828058, 7598311, 0
268, 189573622, 8, 132828059, 7598311, 0
269, 189573621, 9, 132828059, 7598311, 1
270, 189573619, 10, 132828060, 7598311, 2
271, 189573618, 11, 132828060, 7598311, 1
272, 189573618, 11, 132828060, 7598311, 0
273, 189573617, 12, 132828060, 7598311, 1
274, 189573617, 9, 132828063, 7598311, 0
275, 189573617, 8, 132828064, 7598311, 0
276, 189573617, 8, 132828064, 7598311, 0
277, 189573615, 10, 132828064, 7598311, 2
278, 189573614, 10, 132828065, 7598311, 1
279, 189573613, 11, 132828065, 7598311, 1
280, 189573612, 10, 132828067, 7598311, 1
281, 189573612, 10, 132828067, 7598311, 0
282, 189573612, 10, 132828067, 7598311, 0
283, 189573612, 10, 132828067, 7598311, 0
284, 189573612, 9, 132828068, 7598311, 0
285, 189573612, 7, 132828070, 7598311, 0
286, 189573610, 8, 132828071, 7598311, 2
287, 189573609, 9, 132828071, 7598311, 1
288, 189573609, 8, 132828072, 7598311, 0
289, 189573609, 8, 132828072, 7598311, 0
290, 189573608, 9, 132828072, 7598311, 1
291, 189573608, 9, 132828072, 7598311, 0
292, 189573608, 7, 132828074, 7598311, 0
293, 189573608, 6, 132828075, 7598311, 0
294, 189573608, 5, 132828076, 7598311, 0
295, 189573608, 4, 132828077, 7598311, 0
296, 189573608, 4, 132828077, 7598311, 0
297, 189573608, 4, 132828077, 7598311, 0
298, 189573608, 4, 132828077, 7598311, 0
299, 189573607, 5, 132828077, 7598311, 1
300, 189573607, 5, 132828077, 7598311, 0
301, 189573607, 3, 132828079, 7598311, 0
302, 189573607, 2, 132828080, 7598311, 0
303, 189573607, 2, 132828080, 7598311, 0
304, 189573607, 2, 132828080, 7598311, 0
305, 189573606, 2, 132828081, 7598311, 1
306, 189573606, 2, 132828081, 7598311, 0
307, 189573606, 2, 132828081, 7598311, 0
308, 189573606, 2, 132828081, 7598311, 0
309, 189573606, 2, 132828081, 7598311, 0
310, 189573606, 2, 132828081, 7598311, 0
311, 189573606, 2, 132828081, 7598311, 0
312, 189573606, 2, 132828081, 7598311, 0
313, 189573606, 2, 132828081, 7598311, 0
314, 189573606, 1, 132828082, 7598311, 0
315, 189573606, 1, 132828082, 7598311, 0
316, 189573606, 1, 132828082, 7598311, 0
317, 189573606, 1, 132828082, 7598311, 0
318, 189573606, 1, 132828082, 7598311, 0
319, 189573605, 2, 132828082, 7598311, 1
320, 189573605, 1, 132828083, 7598311, 0
321, 189573605, 1, 132828083, 7598311, 0
322, 189573605, 1, 132828083, 7598311, 0
323, 189573604, 2, 132828083, 7598311, 1
324, 189573604, 2, 132828083, 7598311, 0
325, 189573604, 2, 132828083, 7598311, 0
326, 189573603, 3, 132828083, 7598311, 1
327, 189573603, 3, 132828083, 7598311, 0
328, 189573603, 3, 132828083, 7598311, 0
329, 189573602, 4, 132828083, 7598311, 1
330, 189573602, 4, 132828083, 7598311, 0
331, 189573602, 4, 132828083, 7598311, 0
332, 189573602, 4, 132828083, 7598311, 0
333, 189573601, 5, 132828083, 7598311, 1
334, 189573600, 5, 132828084, 7598311, 1
335, 189573600, 5, 132828084, 7598311, 0
336, 189573600, 5, 132828084, 7598311, 0
337, 189573600, 5, 132828084, 7598311, 0
338, 189573600, 4, 132828085, 7598311, 0
339, 189573600, 4, 132828085, 7598311, 0
340, 189573600, 4, 132828085, 7598311, 0
341, 189573600, 3, 132828086, 7598311, 0
342, 189573599, 4, 132828086, 7598311, 1
343, 189573599, 4, 132828086, 7598311, 0
344, 189573599, 3, 132828087, 7598311, 0
345, 189573599, 3, 132828087, 7598311, 0
346, 189573599, 3, 132828087, 7598311, 0
347, 189573598, 4, 132828087, 7598311, 1
348, 189573598, 3, 132828088, 7598311, 0
349, 189573598, 2, 132828089, 7598311, 0
350, 189573598, 2, 132828089, 7598311, 0
351, 189573598, 2, 132828089, 7598311, 0
352, 189573598, 2, 132828089, 7598311, 0
353, 189573598, 2, 132828089, 7598311, 0
354, 189573598, 2, 132828089, 7598311, 0
355, 189573598, 2, 132828089, 7598311, 0
356, 189573598, 2, 132828089, 7598311, 0
357, 189573598, 1, 132828090, 7598311, 0
358, 189573598, 1, 132828090, 7598311, 0
359, 189573598, 1, 132828090, 7598311, 0
360, 189573598, 1, 132828090, 7598311, 0
361, 189573598, 1, 132828090, 7598311, 0
362, 189573598, 0, 132828091, 7598311, 0