Day, Susceptible, Infected, Recovered, Dead, New Cases
1,322999999,1,0,0,0
2,322999999,1,0,0,0
3,322999998,2,0,0,1
4,322999997,3,0,0,1
5,322999995,5,0,0,2
6,322999995,5,0,0,0
7,322999994,6,0,0,1
8,322999993,7,0,0,1
9,322999989,11,0,0,4
10,322999986,14,0,0,3
11,322999982,18,0,0,4
12,322999976,24,0,0,6
13,322999967,33,0,0,9
14,322999961,39,0,0,6
15,322999956,44,0,0,5
16,322999947,53,0,0,9
17,322999931,69,0,0,16
18,322999915,84,1,0,16
19,322999895,103,2,0,20
20,322999864,132,4,0,31
21,322999825,171,4,0,39
22,322999786,209,5,0,39
23,322999736,258,6,0,50
24,322999667,323,10,0,69
25,322999590,397,13,0,77
26,322999507,476,17,0,83
27,322999386,591,23,0,121
28,322999252,716,32,0,134
29,322999073,889,38,0,179
30,322998828,1129,42,1,245
31,322998556,1392,51,1,272
32,322998208,1724,67,1,348
33,322997788,2128,83,1,420
34,322997225,2671,103,1,563
35,322996550,3315,133,2,675
36,322995745,4081,172,2,805
37,322994714,5073,211,2,1031
38,322993466,6271,260,3,1248
39,322991954,7714,326,6,1512
40,322990068,9523,401,8,1886
41,322987723,11785,483,9,2345
42,322984825,14561,599,15,2898
43,322981168,18084,731,17,3657
44,322976696,22377,908,19,4472
45,322971003,27825,1148,24,5693
46,322964190,34366,1413,31,6813
47,322955550,42658,1754,38,8640
48,322944904,52884,2160,52,10646
49,322931933,65292,2712,63,12971
50,322915671,80879,3367,83,16262
51,322895695,100050,4158,97,19976
52,322870793,123921,5165,121,24902
53,322839970,153496,6389,145,30823
54,322801983,189971,7875,171,37987
55,322755289,234779,9717,215,46694
56,322755289,234779,9717,215,0
57,322737813,235556,26077,554,17476
58,322719879,237930,41332,859,17934
59,322702212,241066,55577,1145,17667
60,322684157,245587,68823,1433,18055
61,322665378,251768,81150,1704,18779
62,322645905,259481,92666,1948,19473
63,322625688,268922,103228,2162,20217
64,322604967,279841,112833,2359,20721
65,322583254,292364,121836,2546,21713
66,322560681,306262,130328,2729,22573
67,322536668,322393,138038,2901,24013
68,322511680,339961,145294,3065,24988
69,322485262,359416,152126,3196,26418
70,322456891,381491,158294,3324,28371
71,322426567,405878,164117,3438,30324
72,322396009,413448,186671,3872,30558
73,322365040,421404,209226,4330,30969
74,322333242,430670,231332,4756,31798
75,322300557,440817,253437,5189,32685
76,322267240,451272,275824,5664,33317
77,322233239,461965,298679,6117,34001
78,322198391,473119,321892,6598,34848
79,322162431,485061,345407,7101,35960
80,322125881,496833,369695,7591,36550
81,322088239,509084,394588,8089,37642
82,322050672,519985,420763,8580,37567
83,322011448,531750,447664,9138,39224
84,321971543,543054,475748,9655,39905
85,321930724,553337,505657,10282,40819
86,321889254,562571,537228,10947,41470
87,321847159,572345,568901,11595,42095
88,321803980,582875,600842,12303,43179
89,321759914,593561,633541,12984,44066
90,321715207,604102,667012,13679,44707
91,321669805,614912,700869,14414,45402
92,321623269,626264,735317,15150,46536
93,321576050,637483,770515,15952,47219
94,321536062,640401,806850,16687,39988
95,321488029,650866,843710,17395,48033
96,321439535,660780,881536,18149,48494
97,321389809,672066,919189,18936,49726
98,321339149,682707,958406,19738,50660
99,321287990,693240,998214,20556,51159
100,321245141,694602,1038871,21386,42849
101,321193345,704306,1080101,22248,51796
102,321141139,713796,1121960,23105,52206
103,321087782,723407,1164847,23964,53357
104,321033940,732690,1208469,24901,53842
105,320979208,742241,1252732,25819,54732
106,320925729,749849,1297708,26714,53479
107,320869921,758718,1343712,27649,55808
108,320813348,767661,1390416,28575,56573
109,320755644,785034,1429971,29351,57704
110,320696940,795368,1477355,30337,58704
111,320637300,806220,1525164,31316,59640
112,320583492,809991,1574243,32274,53808
113,320523248,819309,1624117,33326,60244
114,320462026,829135,1674469,34370,61222
115,320399248,848841,1716710,35201,62778
116,320335883,860214,1767704,36199,63365
117,320271717,871983,1819006,37294,64166
118,320206737,883412,1871451,38400,64980
119,320141071,895052,1924404,39473,65666
120,320074131,907099,1978163,40607,66940
121,320006707,920893,2030635,41765,67424
122,319953861,917780,2085488,42871,52846
123,319885605,929349,2141014,44032,68256
124,319816379,940756,2197682,45183,69226
125,319746403,951912,2255315,46370,69976
126,319687969,950598,2313840,47593,58434
127,319617160,967508,2366650,48682,70809
128,319545436,978903,2425804,49857,71724
129,319472862,990174,2485930,51034,72574
130,319399364,1000813,2547593,52230,73498
131,319327649,1009105,2609722,53524,71715
132,319253091,1019428,2672661,54820,74558
133,319177864,1029630,2736415,56091,75227
134,319101752,1040030,2800891,57327,76112
135,319024946,1049831,2866522,58701,76806
136,318947513,1059786,2932637,60064,77433
137,318868294,1086119,2984459,61128,79219
138,318793329,1092792,3051365,62514,74965
139,318723658,1093198,3119287,63857,69671
140,318647695,1099154,3187881,65270,75963
141,318565869,1122515,3245168,66448,81826
142,318482808,1134738,3314644,67810,83061
143,318399103,1146691,3384974,69232,83705
144,318317671,1155529,3456111,70689,81432
145,318233616,1166055,3528210,72119,84055
146,318150890,1177047,3598514,73549,82726
147,318064399,1188953,3671570,75078,86491
148,317976911,1201197,3745335,76557,87488
149,317894389,1207593,3819904,78114,82522
150,317805469,1219689,3895182,79660,88920
151,317715549,1232157,3971063,81231,89920
152,317630341,1238133,4048786,82740,85208
153,317539176,1254321,4122286,84217,91165
154,317446159,1277662,4190602,85577,93017
155,317377145,1270704,4265048,87103,69014
156,317283227,1282782,4345257,88734,93918
157,317189451,1293489,4426615,90445,93776
158,317094482,1304740,4508663,92115,94969
159,316998034,1319746,4588504,93716,96448
160,316920538,1313178,4670918,95366,77496
161,316827036,1323939,4752063,96962,93502
162,316733031,1331452,4836810,98707,94005
163,316652064,1324925,4922501,100510,80967
164,316566501,1327964,5003330,102205,85563
165,316477908,1327631,5090480,103981,88593
166,316381045,1334567,5178649,105739,96863
167,316341389,1289012,5262065,107534,39656
168,316247545,1291685,5351426,109344,93844
169,316160146,1286063,5442651,111140,87399
170,316084307,1292882,5510318,112493,75839
171,316009876,1273392,5602413,114319,74431
172,315917113,1272377,5694346,116164,92763
173,315824718,1269800,5787329,118153,92395
174,315732886,1265176,5881872,120066,91832
175,315644727,1275838,5957788,121647,88159
176,315552003,1275057,6049397,123543,92724
177,315469979,1263074,6141462,125485,82024
178,315383713,1268371,6220833,127083,86266
179,315311102,1255415,6304693,128790,72611
180,315220615,1257308,6391510,130567,90487
181,315129782,1251277,6486396,132545,90833
182,315056530,1284872,6525254,133344,73252
183,314980490,1267066,6617219,135225,76040
184,314888249,1271908,6702787,137056,92241
185,314795107,1289211,6777114,138568,93142
186,314713712,1296175,6850012,140101,81395
187,314620193,1296931,6940957,141919,93519
188,314542718,1282010,7031481,143791,77475
189,314449541,1283355,7121469,145635,93177
190,314356275,1288462,7207830,147433,93266
191,314262860,1289152,7298616,149372,93415
192,314169267,1300721,7378950,151062,93593
193,314090420,1293301,7463536,152743,78847
194,313995828,1315281,7534659,154232,94592
195,313901061,1319561,7623279,156099,94767
196,313812336,1317452,7712281,157931,88725
197,313731032,1325504,7784054,159410,81304
198,313634321,1346173,7858632,160874,96711
199,313547762,1340491,7949033,162714,86559
200,313450891,1344220,8040351,164538,96871
201,313365661,1348054,8120152,166133,85230
202,313299186,1321010,8211774,168030,66475
203,313220831,1321889,8287688,169592,78355
204,313125473,1324070,8378988,171469,95358
205,313034999,1321278,8470343,173380,90474
206,312957015,1305847,8561851,175287,77984
207,312868266,1301003,8653558,177173,88749
208,312792713,1297709,8730866,178712,75553
209,312699736,1296094,8823618,180552,92977
210,312606558,1294505,8916489,182448,93178
211,312518373,1293965,9003451,184211,88185
212,312440890,1290144,9083159,185807,77483
213,312365606,1268717,9177896,187781,75284
214,312290962,1256802,9262697,189539,74644
215,312213639,1237253,9357667,191441,77323
216,312152716,1212946,9441096,193242,60923
217,312074857,1224330,9506308,194505,77859
218,311986289,1234543,9583046,196122,88568
219,311903478,1221996,9676485,198041,82811
220,311830729,1204270,9765215,199786,72749
221,311755999,1201016,9841616,201369,74730
222,311684034,1184232,9928633,203101,71965
223,311612953,1179760,10002622,204665,71081
224,311543853,1155883,10093696,206568,69100
225,311484910,1121648,10184964,208478,58943
226,311415985,1102388,10271440,210187,68925
227,311336354,1104536,10347370,211740,79631
228,311257198,1108408,10421181,213213,79156
229,311182171,1108791,10494276,214762,75027
230,311127396,1086243,10570000,216361,54775
231,311064917,1087799,10629654,217630,62479
232,310986952,1087905,10705937,219206,77965
233,310927944,1058345,10792775,220936,59008
234,310867825,1035653,10873909,222613,60119
235,310793822,1036907,10945249,224022,74003
236,310735044,1020955,11018500,225501,58778
237,310674672,1009362,11089022,226944,60372
238,310602488,1010465,11158619,228428,72184
239,310533593,1010260,11226341,229806,68895
240,310472342,1012568,11284080,231010,61251
241,310414846,1001139,11351643,232372,57496
242,310344020,992334,11429652,233994,70826
243,310274614,982584,11507290,235512,69406
244,310204601,977570,11580777,237052,70013
245,310139744,987652,11634471,238133,64857
246,310084896,980021,11695671,239412,54848
247,310021205,965747,11772094,240954,63691
248,309957120,970824,11829891,242165,64085
249,309903600,964225,11888814,243361,53520
250,309854679,939143,11961325,244853,48921
251,309787114,947930,12018923,246033,67565
252,309719491,955181,12078103,247225,67623
253,309652300,950188,12148854,248658,67191
254,309596649,936944,12216302,250105,55651
255,309546101,926241,12276325,251333,50548
256,309500071,914775,12332669,252485,46030
257,309436772,907248,12402133,253847,63299
258,309372886,901728,12470204,255182,63886
259,309309047,895554,12538817,256582,63839
260,309262877,876867,12602338,257918,46170
261,309204792,880104,12656057,259047,58085
262,309151353,869852,12718475,260320,53439
263,309089618,867502,12781276,261604,61735
264,309036823,866777,12833698,262702,52795
265,308984682,869997,12881595,263726,52141
266,308923816,863298,12947820,265066,60866
267,308867693,851798,13014067,266442,56123
268,308840460,811840,13079892,267808,27233
269,308786850,809799,13134436,268915,53610
270,308731980,814121,13183996,269903,54870
271,308673353,826718,13229145,270784,58627
272,308628086,808686,13291134,272094,45267
273,308578459,794427,13353675,273439,49627
274,308522878,786169,13416230,274723,55581
275,308484747,778130,13461469,275654,38131
276,308434264,770528,13518373,276835,50483
277,308388081,763272,13570788,277859,46183
278,308343437,746181,13631315,279067,44644
279,308324410,712413,13683075,280102,19027
280,308284969,699713,13734111,281207,39441
281,308236113,687703,13793755,282429,48856
282,308187985,679708,13848759,283548,48128
283,308147779,692681,13875444,284096,40206
284,308103645,683205,13927984,285166,44134
285,308059159,672821,13981747,286273,44486
286,308012031,661322,14039186,287461,47128
287,307975327,652759,14083550,288364,36704
288,307929361,649098,14132188,289353,45966
289,307894245,628633,14186653,290469,35116
290,307849485,635262,14224012,291241,44760
291,307824804,609460,14273469,292267,24681
292,307781907,606174,14318687,293232,42897
293,307762634,580803,14362435,294128,19273
294,307729697,594713,14381065,294525,32937
295,307687678,597291,14419719,295312,42019
296,307654051,582062,14467627,296260,33627
297,307613391,574594,14514818,297197,40660
298,307578526,569253,14554192,298029,34865
299,307548916,554729,14597383,298972,29610
300,307513896,545263,14641013,299828,35020
301,307476281,535750,14687213,300756,37615
302,307441885,533442,14723223,301450,34396
303,307413250,516111,14768259,302380,28635
304,307381748,512497,14802685,303070,31502
305,307362161,487324,14846570,303945,19587
306,307330597,494207,14870750,304446,31564
307,307303848,478059,14912782,305311,26749
308,307269113,493521,14931663,305703,34735
309,307238377,491320,14963922,306381,30736
310,307215831,471847,15005071,307251,22546
311,307188192,465859,15038058,307891,27639
312,307165403,447988,15077847,308762,22789
313,307133781,444745,15112013,309461,31622
314,307102272,446644,15141038,310046,31509
315,307071256,442640,15175342,310762,31016
316,307047607,428674,15212210,311509,23649
317,307029064,412821,15245894,312221,18543
318,307009555,403695,15273932,312818,19509
319,306986436,395312,15304799,313453,23119
320,306964753,397408,15323971,313868,21683
321,306936930,393667,15354915,314488,27823
322,306909152,394696,15381150,315002,27778
323,306887994,381119,15415190,315697,21158
324,306861467,376910,15445335,316288,26527
325,306837351,378480,15467451,316718,24116
326,306823680,364512,15494512,317296,13671
327,306797686,367717,15516830,317767,25994
328,306772620,361161,15547803,318416,25066
329,306754272,348000,15578656,319072,18348
330,306735859,335397,15609055,319689,18413
331,306722792,324815,15632246,320147,13067
332,306700828,328236,15650424,320512,21964
333,306684046,325509,15669537,320908,16782
334,306666146,320290,15692206,321358,17900
335,306645333,319420,15713429,321818,20813
336,306623247,313683,15740700,322370,22086
337,306605483,303669,15767930,322918,17764
338,306588933,299061,15788677,323329,16550
339,306568271,293196,15814671,323862,20662
340,306548127,289224,15838317,324332,20144
341,306527201,296479,15851704,324616,20926
342,306508914,288772,15877205,325109,18287
343,306489222,283398,15901777,325603,19692
344,306478166,276106,15919781,325947,11056
345,306463011,272848,15937809,326332,15155
346,306447768,275024,15950606,326602,15243
347,306428505,272323,15972110,327062,19263
348,306409072,274974,15988550,327404,19433
349,306389516,276630,16006089,327765,19556
350,306370192,275141,16026497,328170,19324
351,306355280,267967,16048151,328602,14912
352,306336174,269309,16065592,328925,19106
353,306322065,266868,16081785,329282,14109
354,306303346,264925,16102010,329719,18719
355,306289068,259059,16121776,330097,14278
356,306271379,255822,16142294,330505,17689
357,306257472,251442,16160201,330885,13907
358,306240778,248444,16179513,331265,16694
359,306230764,247402,16190351,331483,10014
360,306214461,248550,16205200,331789,16303
361,306196700,251068,16220123,332109,17761
362,306179206,249299,16239023,332472,17494
363,306165555,243517,16258065,332863,13651
364,306151165,238351,16277200,333284,14390
365,306142040,228152,16296159,333649,9125
366,306135775,219505,16310776,333944,6265
367,306120539,215635,16329477,334349,15236
368,306105234,216831,16343325,334610,15305
369,306096912,206434,16361692,334962,8322
370,306089035,200033,16375657,335275,7877
371,306075193,196186,16393001,335620,13842
372,306064387,193085,16406624,335904,10806
373,306052472,188306,16422989,336233,11915
374,306040918,189846,16432798,336438,11554
375,306030750,183711,16448749,336790,10168
376,306021027,175673,16466141,337159,9723
377,306012845,166361,16483268,337526,8182
378,306001399,164156,16496654,337791,11446
379,305990159,161006,16510762,338073,11240
380,305983679,158361,16519719,338241,6480
381,305974921,160854,16525870,338355,8758
382,305963872,156667,16540813,338648,11049
383,305955486,149748,16555822,338944,8386
384,305947185,149727,16563968,339120,8301
385,305936503,152532,16571681,339284,10682
386,305928429,146764,16585242,339565,8074
387,305917879,146508,16595819,339794,10550
388,305912309,140163,16607481,340047,5570
389,305902616,138302,16618820,340262,9693
390,305892845,137905,16628803,340447,9771
391,305887482,133545,16638323,340650,5363
392,305880024,132821,16646322,340833,7458
393,305871273,130126,16657520,341081,8751
394,305862246,127913,16668517,341324,9027
395,305853183,130496,16674856,341465,9063
396,305843888,131033,16683457,341622,9295
397,305834845,129027,16694282,341846,9043
398,305825832,129654,16702500,342014,9013
399,305816642,130543,16710634,342181,9190
400,305809684,126819,16721093,342404,6958
401,305800683,127746,16729004,342567,9001
402,305793777,124102,16739358,342763,6906
403,305784880,127429,16744806,342885,8897
404,305779910,122706,16754289,343095,4970
405,305773332,119513,16763883,343272,6578
406,305764841,122641,16769147,343371,8491
407,305756221,123803,16776461,343515,8620
408,305747420,123853,16785041,343686,8801
409,305740663,121583,16793896,343858,6757
410,305732160,121023,16802804,344013,8503
411,305725625,118263,16811906,344206,6535
412,305721253,113592,16820763,344392,4372
413,305716812,109020,16829588,344580,4441
414,305709279,107363,16838594,344764,7533
415,305701693,107991,16845408,344908,7586
416,305694223,106460,16854227,345090,7470
417,305686646,107131,16860985,345238,7577
418,305681579,103301,16869685,345435,5067
419,305677398,102512,16874557,345533,4181
420,305671634,101698,16881016,345652,5764
