Day, Susceptible, Infected, Recovered, Dead, New Cases
1, 329999999, 1, 0, 0, 0
2, 329999998, 2, 0, 0, 1
3, 329999997, 3, 0, 0, 1
4, 329999997, 3, 0, 0, 0
5, 329999997, 3, 0, 0, 0
6, 329999997, 3, 0, 0, 0
7, 329999995, 5, 0, 0, 2
8, 329999995, 5, 0, 0, 0
9, 329999995, 5, 0, 0, 0
10, 329999994, 6, 0, 0, 1
11, 329999991, 8, 1, 0, 3
12, 329999988, 11, 1, 0, 3
13, 329999986, 12, 2, 0, 2
14, 329999985, 12, 3, 0, 1
15, 329999985, 12, 3, 0, 0
16, 329999983, 14, 3, 0, 2
17, 329999982, 15, 3, 0, 1
18, 329999981, 14, 5, 0, 1
19, 329999979, 16, 5, 0, 2
20, 329999972, 23, 5, 0, 7
21, 329999969, 25, 6, 0, 3
22, 329999966, 25, 9, 0, 3
23, 329999964, 24, 12, 0, 2
24, 329999960, 26, 14, 0, 4
25, 329999955, 30, 15, 0, 5
26, 329999951, 34, 15, 0, 4
27, 329999948, 35, 17, 0, 3
28, 329999939, 43, 18, 0, 9
29, 329999934, 47, 19, 0, 5
30, 329999926, 53, 21, 0, 8
31, 329999920, 52, 28, 0, 6
32, 329999914, 55, 31, 0, 6
33, 329999907, 59, 34, 0, 7
34, 329999900, 64, 36, 0, 7
35, 329999893, 67, 40, 0, 7
36, 329999887, 68, 45, 0, 6
37, 329999879, 72, 49, 0, 8
38, 329999870, 78, 52, 0, 9
39, 329999860, 79, 61, 0, 10
40, 329999844, 90, 66, 0, 16
41, 329999838, 88, 74, 0, 6
42, 329999827, 93, 80, 0, 11
43, 329999813, 101, 86, 0, 14
44, 329999800, 107, 93, 0, 13
45, 329999788, 112, 100, 0, 12
46, 329999771, 122, 107, 0, 17
47, 329999756, 131, 113, 0, 15
48, 329999741, 138, 121, 0, 15
49, 329999721, 149, 130, 0, 20
50, 329999702, 158, 140, 0, 19
51, 329999686, 158, 156, 0, 16
52, 329999670, 168, 162, 0, 16
53, 329999656, 171, 173, 0, 14
54, 329999635, 178, 187, 0, 21
55, 329999613, 187, 200, 0, 22
56, 329999593, 195, 212, 0, 20
57, 329999569, 202, 229, 0, 24
58, 329999536, 220, 244, 0, 33
59, 329999515, 226, 259, 0, 21
60, 329999490, 231, 279, 0, 25
61, 329999465, 237, 298, 0, 25
62, 329999434, 252, 314, 0, 31
63, 329999413, 257, 330, 0, 21
64, 329999380, 276, 344, 0, 33
65, 329999349, 286, 365, 0, 31
66, 329999309, 304, 387, 0, 40
67, 329999267, 326, 407, 0, 42
68, 329999225, 344, 431, 0, 42
69, 329999179, 357, 464, 0, 46
70, 329999137, 378, 485, 0, 42
71, 329999106, 384, 510, 0, 31
72, 329999056, 409, 535, 0, 50
73, 329999003, 431, 566, 0, 53
74, 329998960, 453, 587, 0, 43
75, 329998913, 467, 620, 0, 47
76, 329998867, 482, 651, 0, 46
77, 329998805, 504, 691, 0, 62
78, 329998749, 518, 733, 0, 56
79, 329998697, 528, 775, 0, 52
80, 329998652, 527, 821, 0, 45
81, 329998575, 562, 863, 0, 77
82, 329998514, 592, 894, 0, 61
83, 329998441, 615, 944, 0, 73
84, 329998366, 637, 997, 0, 75
85, 329998287, 673, 1040, 0, 79
86, 329998199, 714, 1087, 0, 88
87, 329998108, 759, 1133, 0, 91
88, 329998023, 782, 1195, 0, 85
89, 329997944, 805, 1251, 0, 79
90, 329997869, 828, 1303, 0, 75
91, 329997774, 878, 1348, 0, 95
92, 329997672, 903, 1425, 0, 102
93, 329997553, 961, 1486, 0, 119
94, 329997444, 997, 1559, 0, 109
95, 329997331, 1035, 1634, 0, 113
96, 329997208, 1079, 1713, 0, 123
97, 329997103, 1096, 1801, 0, 105
98, 329996964, 1144, 1892, 0, 139
99, 329996831, 1192, 1977, 0, 133
100, 329996712, 1232, 2056, 0, 119
101, 329996570, 1299, 2131, 0, 142
102, 329996429, 1345, 2226, 0, 141
103, 329996276, 1396, 2328, 0, 153
104, 329996110, 1443, 2447, 0, 166
105, 329995912, 1532, 2556, 0, 198
106, 329995725, 1606, 2669, 0, 187
107, 329995551, 1657, 2792, 0, 174
108, 329995340, 1763, 2896, 1, 211
109, 329995123, 1841, 3035, 1, 217
110, 329994908, 1923, 3168, 1, 215
111, 329994680, 2032, 3287, 1, 228
112, 329994456, 2114, 3428, 2, 224
113, 329994213, 2216, 3569, 2, 243
114, 329993965, 2311, 3722, 2, 248
115, 329993681, 2429, 3888, 2, 284
116, 329993380, 2532, 4086, 2, 301
117, 329993081, 2644, 4272, 3, 299
118, 329992784, 2767, 4446, 3, 297
119, 329992466, 2874, 4656, 4, 318
120, 329992115, 3008, 4873, 4, 351
121, 329991752, 3156, 5087, 5, 363
122, 329991362, 3318, 5314, 6, 390
123, 329990972, 3484, 5538, 6, 390
124, 329990571, 3642, 5781, 6, 401
125, 329990117, 3848, 6029, 6, 454
126, 329989630, 4051, 6312, 7, 487
127, 329989133, 4247, 6613, 7, 497
128, 329988601, 4480, 6912, 7, 532
129, 329988013, 4771, 7208, 8, 588
130, 329987451, 5015, 7526, 8, 562
131, 329986806, 5309, 7876, 9, 645
132, 329986184, 5568, 8239, 9, 622
133, 329985512, 5850, 8629, 9, 672
134, 329984795, 6177, 9019, 9, 717
135, 329984077, 6494, 9419, 10, 718
136, 329983283, 6834, 9873, 10, 794
137, 329982517, 7113, 10360, 10, 766
138, 329981655, 7478, 10856, 11, 862
139, 329980795, 7806, 11388, 11, 860
140, 329979907, 8106, 11973, 14, 888
141, 329978926, 8525, 12534, 15, 981
142, 329977872, 8934, 13179, 15, 1054
143, 329976752, 9432, 13799, 17, 1120
144, 329975652, 9860, 14470, 18, 1100
145, 329974434, 10361, 15186, 19, 1218
146, 329973190, 10887, 15904, 19, 1244
147, 329971859, 11424, 16696, 21, 1331
148, 329970512, 12005, 17461, 22, 1347
149, 329968989, 12666, 18323, 22, 1523
150, 329967430, 13365, 19183, 22, 1559
151, 329965786, 14121, 20071, 22, 1644
152, 329964045, 14881, 21048, 26, 1741
153, 329962185, 15687, 22101, 27, 1860
154, 329960283, 16469, 23220, 28, 1902
155, 329958275, 17377, 24317, 31, 2008
156, 329956180, 18254, 25535, 31, 2095
157, 329954049, 19141, 26779, 31, 2131
158, 329951802, 20057, 28110, 31, 2247
159, 329949358, 21154, 29453, 35, 2444
160, 329946799, 22190, 30975, 36, 2559
161, 329944091, 23339, 32532, 38, 2708
162, 329941289, 24497, 34174, 40, 2802
163, 329938365, 25680, 35914, 41, 2924
164, 329935269, 26916, 37771, 44, 3096
165, 329931940, 28343, 39671, 46, 3329
166, 329928565, 29710, 41678, 47, 3375
167, 329924957, 31223, 43770, 50, 3608
168, 329921113, 32936, 45897, 54, 3844
169, 329917153, 34649, 48143, 55, 3960
170, 329913032, 36326, 50583, 59, 4121
171, 329908517, 38282, 53140, 61, 4515
172, 329903902, 40189, 55844, 65, 4615
173, 329898935, 42354, 58643, 68, 4967
174, 329893853, 44512, 61563, 72, 5082
175, 329888377, 46892, 64658, 73, 5476
176, 329882766, 49174, 67980, 80, 5611
177, 329876747, 51818, 71349, 86, 6019
178, 329870564, 54393, 74953, 90, 6183
179, 329864003, 57110, 78790, 97, 6561
180, 329857201, 59952, 82743, 104, 6802
181, 329849949, 63083, 86855, 113, 7252
182, 329842377, 66140, 91365, 118, 7572
183, 329834322, 69580, 95979, 119, 8055
184, 329825827, 73108, 100943, 122, 8495
185, 329817141, 76712, 106020, 127, 8686
186, 329807783, 80594, 111493, 130, 9358
187, 329798069, 84697, 117097, 137, 9714
188, 329787799, 88948, 123104, 149, 10270
189, 329777265, 93299, 129281, 155, 10534
190, 329767246, 96757, 135833, 164, 10019
191, 329756663, 100538, 142629, 170, 10583
192, 329744594, 105355, 149870, 181, 12069
193, 329731868, 110509, 157432, 191, 12726
194, 329718530, 115792, 165474, 204, 13338
195, 329704363, 121464, 173960, 213, 14167
196, 329689657, 127484, 182640, 219, 14706
197, 329674333, 133450, 191981, 236, 15324
198, 329658289, 139780, 201683, 248, 16044
199, 329641442, 146357, 211939, 262, 16847
200, 329623956, 153309, 222458, 277, 17486
201, 329605498, 161748, 232468, 286, 18458
202, 329586062, 170601, 243036, 301, 19436
203, 329565524, 179070, 255094, 312, 20538
204, 329543895, 187973, 267812, 320, 21629
205, 329521077, 197453, 281138, 332, 22818
206, 329497205, 207158, 295285, 352, 23872
207, 329472359, 217298, 309976, 367, 24846
208, 329446258, 228075, 325286, 381, 26101
209, 329418507, 239782, 341313, 398, 27751
210, 329389569, 251873, 358149, 409, 28938
211, 329359753, 264203, 375620, 424, 29816
212, 329327853, 277645, 394057, 445, 31900
213, 329294431, 291631, 413468, 470, 33422
214, 329259297, 306227, 433983, 493, 35134
215, 329222466, 321429, 455592, 513, 36831
216, 329183664, 337413, 478378, 545, 38802
217, 329142793, 354412, 502228, 567, 40871
218, 329100141, 372218, 527038, 603, 42652
219, 329055375, 390883, 553121, 621, 44766
220, 329008711, 409796, 580849, 644, 46664
221, 328959228, 430341, 609762, 669, 49483
222, 328907571, 452182, 639554, 693, 51657
223, 328853175, 474678, 671418, 729, 54396
224, 328803638, 490793, 704803, 766, 49537
225, 328744316, 514981, 739903, 800, 59322
226, 328686515, 535951, 776703, 831, 57801
227, 328622054, 561610, 815452, 884, 64461
228, 328554789, 588004, 856290, 917, 67265
229, 328483844, 616297, 898897, 962, 70945
230, 328409997, 645378, 943632, 993, 73847
231, 328332191, 676520, 990250, 1039, 77806
232, 328251212, 708016, 1039682, 1090, 80979
233, 328166275, 741296, 1091289, 1140, 84937
234, 328077637, 775538, 1145647, 1178, 88638
235, 327983713, 819925, 1195128, 1234, 93924
236, 327885624, 858692, 1254395, 1289, 98089
237, 327782661, 903854, 1312136, 1349, 102963
238, 327674239, 947815, 1376525, 1421, 108422
239, 327560824, 993965, 1443742, 1469, 113415
240, 327441828, 1042016, 1514620, 1536, 118996
241, 327315825, 1094172, 1588377, 1626, 126003
242, 327185134, 1147057, 1666105, 1704, 130691
243, 327048544, 1202668, 1747001, 1787, 136590
244, 326904249, 1262026, 1831857, 1868, 144295
245, 326759243, 1318394, 1920412, 1951, 145006
246, 326601498, 1382215, 2014234, 2053, 157745
247, 326448310, 1437314, 2112222, 2154, 153188
248, 326276463, 1506198, 2215082, 2257, 171847
249, 326099321, 1574918, 2323403, 2358, 177142
250, 325917908, 1642916, 2436702, 2474, 181413
251, 325722418, 1719410, 2555566, 2606, 195490
252, 325518219, 1797606, 2681435, 2740, 204199
253, 325309163, 1875971, 2811955, 2911, 209056
254, 325096251, 1952293, 2948406, 3050, 212912
255, 324872970, 2031279, 3092559, 3192, 223281
256, 324633430, 2125813, 3237424, 3333, 239540
257, 324394772, 2206726, 3395006, 3496, 238658
258, 324132042, 2316268, 3548042, 3648, 262730
259, 323878460, 2398003, 3719703, 3834, 253582
260, 323596154, 2503167, 3896680, 3999, 282306
261, 323300945, 2616963, 4077921, 4171, 295209
262, 322991768, 2730650, 4273209, 4373, 309177
263, 322670404, 2847815, 4477202, 4579, 321364
264, 322353947, 2955216, 4686050, 4787, 316457
265, 322005969, 3090282, 4898748, 5001, 347978
266, 321665111, 3207859, 5121818, 5212, 340858
267, 321319313, 3314117, 5361091, 5479, 345798
268, 320933719, 3461053, 5599500, 5728, 385594
269, 320538516, 3593526, 5861943, 6015, 395203
270, 320141408, 3737052, 6115261, 6279, 397108
271, 319711125, 3885029, 6397264, 6582, 430283
272, 319261731, 4039214, 6692173, 6882, 449394
273, 318800296, 4191472, 7001073, 7159, 461435
274, 318334050, 4336354, 7322066, 7530, 466246
275, 317912685, 4441262, 7638197, 7856, 421365
276, 317401122, 4604847, 7985814, 8217, 511563
277, 316893040, 4772071, 8326350, 8539, 508082
278, 316342554, 4976759, 8671817, 8870, 550486
279, 315866743, 5066976, 9057016, 9265, 475811
280, 315285896, 5252620, 9451834, 9650, 580847
281, 314721216, 5420192, 9848537, 10055, 564680
282, 314188670, 5522455, 10278377, 10498, 532546
283, 313619945, 5641786, 10727315, 10954, 568725
284, 312982115, 5818181, 11188274, 11430, 637830
285, 312430397, 5903653, 11654027, 11923, 551718
286, 311805490, 6107195, 12074944, 12371, 624907
287, 311270004, 6131118, 12585939, 12939, 535486
288, 310663354, 6229686, 13093501, 13459, 606650
289, 309974062, 6368492, 13643380, 14066, 689292
290, 309291531, 6575212, 14118702, 14555, 682531
291, 308747096, 6538800, 14698967, 15137, 544435
292, 308267293, 6453923, 15263084, 15700, 479803
293, 307868739, 6319931, 15795085, 16245, 398554
294, 307295083, 6324862, 16363193, 16862, 573656
295, 306629913, 6352202, 17000381, 17504, 665170
296, 306014862, 6415535, 17551522, 18081, 615051
297, 305389724, 6415766, 18175788, 18722, 625138
298, 304861728, 6408276, 18710727, 19269, 527996
299, 304301360, 6361994, 19316761, 19885, 560368
300, 303866733, 6107329, 20005347, 20591, 434627
301, 303303574, 5987957, 20687192, 21277, 563159
302, 302694584, 6052512, 21231046, 21858, 608990
303, 302167686, 6099607, 21710328, 22379, 526898
304, 301672247, 6196492, 22108455, 22806, 495439
305, 301181146, 6113937, 22681514, 23403, 491101
306, 300715287, 5914626, 23345950, 24137, 465859
307, 300190913, 5823949, 23960386, 24752, 524374
308, 299769540, 5620184, 24584864, 25412, 421373
309, 299408073, 5453655, 25112328, 25944, 361467
310, 298837641, 5463719, 25672101, 26539, 570432
311, 298337525, 5529208, 26106248, 27019, 500116
312, 297816580, 5486994, 26668809, 27617, 520945
313, 297370929, 5323655, 27277191, 28225, 445651
314, 296936322, 5231364, 27803533, 28781, 434607
315, 296404047, 5268200, 28298477, 29276, 532275
316, 295853636, 5327510, 28789094, 29760, 550411
317, 295289644, 5425643, 29254459, 30254, 563992
318, 294876636, 5314277, 29778290, 30797, 413008
319, 294498903, 5270637, 30199282, 31178, 377733
320, 294008162, 5399911, 30560377, 31550, 490741
321, 293516412, 5321229, 31130246, 32113, 491750
322, 293148794, 5188731, 31629850, 32625, 367618
323, 292685405, 5131175, 32150233, 33187, 463389
324, 292168496, 5202433, 32595436, 33635, 516909
325, 291699448, 5236874, 33029591, 34087, 469048
326, 291207566, 5196481, 33561333, 34620, 491882
327, 290703469, 5150167, 34111152, 35212, 504097
328, 290277040, 5012604, 34674581, 35775, 426429
329, 289958995, 4917641, 35087189, 36175, 318045
330, 289513718, 4985185, 35464551, 36546, 445277
331, 289181556, 4826606, 35954751, 37087, 332162
332, 288895285, 4621127, 36445944, 37644, 286271
333, 288512615, 4636179, 36813161, 38045, 382670
334, 288266458, 4418947, 37276060, 38535, 246157
335, 287852682, 4315814, 37792457, 39047, 413776
336, 287590647, 4108801, 38261005, 39547, 262035
337, 287320889, 3886677, 38752363, 40071, 269758
338, 286995591, 3707878, 39255942, 40589, 325298
339, 286745349, 3531691, 39681964, 40996, 250242
340, 286463462, 3495533, 39999677, 41328, 281887
341, 286279759, 3233959, 40444469, 41813, 183703
342, 286103791, 3077765, 40776297, 42147, 175968
343, 285851016, 3044269, 41062284, 42431, 252775
344, 285620636, 2891979, 41444544, 42841, 230380
345, 285452887, 2813571, 41690437, 43105, 167749
346, 285347954, 2504728, 42103769, 43549, 104933
347, 285249274, 2341373, 42365544, 43809, 98680
348, 285039860, 2281029, 42635015, 44096, 209414
349, 284908837, 2086754, 42959993, 44416, 131023
350, 284761964, 1983385, 43209975, 44676, 146873
351, 284619637, 1843825, 43491580, 44958, 142327
352, 284472457, 1807302, 43675092, 45149, 147180
353, 284380890, 1722901, 43850868, 45341, 91567
354, 284248954, 1602062, 44103391, 45593, 131936
355, 284131625, 1489011, 44333525, 45839, 117329
356, 284014372, 1438515, 44501118, 45995, 117253
357, 283957849, 1390105, 44605962, 46084, 56523
358, 283843840, 1405434, 44704544, 46182, 114009
359, 283764227, 1275633, 44913748, 46392, 79613
360, 283688285, 1220552, 45044646, 46517, 75942
361, 283595757, 1166207, 45191375, 46661, 92528
362, 283530539, 1089098, 45333539, 46824, 65218
363, 283470622, 1001835, 45480564, 46979, 59917
364, 283420889, 960001, 45572001, 47109, 49733
365, 283347374, 901580, 45703783, 47263, 73515