Day, Susceptible, Infected, Recovered, Dead, New Cases
1, 282281468, 392607, 214711, 0, 0
2, 282245235, 400718, 242696, 137, 36233
3, 282208046, 411747, 268712, 281, 37189
4, 282170439, 425378, 292562, 407, 37607
5, 282129920, 443523, 314831, 512, 40519
6, 282087218, 465235, 335706, 627, 42702
7, 282042906, 490086, 355058, 736, 44312
8, 281995717, 519430, 372806, 833, 47189
9, 281945352, 553224, 389287, 923, 50365
10, 281891842, 591413, 404537, 994, 53510
11, 281834556, 634595, 418559, 1076, 57286
12, 281772368, 683604, 431670, 1144, 62188
13, 281709722, 733729, 444126, 1209, 62646
14, 281637797, 794139, 455587, 1263, 71925
15, 281559832, 861423, 466228, 1303, 77965
16, 281475124, 936355, 475950, 1357, 84708
17, 281386636, 979409, 521161, 1580, 88488
18, 281294347, 1025863, 566764, 1812, 92289
19, 281214020, 1060567, 612173, 2026, 80327
20, 281113395, 1113283, 659832, 2276, 100625
21, 281007928, 1169079, 709232, 2547, 105467
22, 280896762, 1229544, 759698, 2782, 111166
23, 280779590, 1293594, 812560, 3042, 117172
24, 280656837, 1360424, 868211, 3314, 122753
25, 280544162, 1414430, 926566, 3628, 112675
26, 280409845, 1486673, 988320, 3948, 134317
27, 280271580, 1558396, 1054501, 4309, 138265
28, 280123380, 1639770, 1120942, 4694, 148200
29, 279968322, 1719168, 1196203, 5093, 155058
30, 279805862, 1800021, 1277392, 5511, 162460
31, 279636397, 1881449, 1364970, 5970, 169465
32, 279470989, 1955331, 1456030, 6436, 165408
33, 279286602, 2044646, 1550633, 6905, 184387
34, 279108177, 2140079, 1633238, 7292, 178425
35, 278906767, 2238418, 1735772, 7829, 201410
36, 278696126, 2341336, 1842980, 8344, 210641
37, 278476864, 2447384, 1955642, 8896, 219262
38, 278266450, 2538683, 2074128, 9525, 210414
39, 278028992, 2651608, 2197977, 10209, 237458
40, 277802133, 2764057, 2311828, 10768, 226859
41, 277557245, 2873029, 2447036, 11476, 244888
42, 277289410, 3001165, 2586018, 12193, 267835
43, 277029612, 3111370, 2734851, 12953, 259798
44, 276753982, 3230671, 2890406, 13727, 275630
45, 276453214, 3367788, 3053266, 14518, 300768
46, 276141417, 3509025, 3223000, 15344, 311797
47, 275904095, 3579978, 3388499, 16214, 237322
48, 275572610, 3726175, 3571955, 18046, 331485
49, 275227194, 3892288, 3749449, 19855, 345416
50, 274971833, 3945445, 3949603, 21905, 255361
51, 274611699, 4094196, 4158863, 24028, 360134
52, 274259684, 4226256, 4376670, 26176, 352015
53, 273871208, 4403647, 4585655, 28276, 388476
54, 273470655, 4566126, 4821392, 30613, 400553
55, 273125020, 4684363, 5046524, 32879, 345635
56, 272697198, 4866740, 5289604, 35244, 427822
57, 272260208, 5035441, 5555218, 37919, 436990
58, 271830330, 5205094, 5812854, 40508, 429878
59, 271357084, 5402322, 6086058, 43322, 473246
60, 270867363, 5590930, 6384178, 46315, 489721
61, 270523586, 5622530, 6693084, 49586, 343777
62, 270030449, 5878013, 6928349, 51975, 493137
63, 269659685, 5916968, 7256810, 55323, 370764
64, 269208352, 6022584, 7599196, 58654, 451333
65, 268699739, 6275571, 7852382, 61094, 508613
66, 268227301, 6387612, 8209220, 64653, 472438
67, 267654130, 6608564, 8558016, 68076, 573171
68, 267065650, 6808350, 8942850, 71936, 588480
69, 266565372, 6907909, 9339556, 75949, 500278
70, 266089420, 7038021, 9681980, 79365, 475952
71, 265590294, 7109138, 10105739, 83615, 499126
72, 265054379, 7207917, 10538436, 88054, 535915
73, 264458064, 7374202, 10964181, 92339, 596315
74, 263988215, 7370654, 11432837, 97080, 469849
75, 263397832, 7471184, 11917792, 101978, 590383
76, 262829728, 7695394, 12258188, 105476, 568104
77, 262213595, 7818271, 12746669, 110251, 616133
78, 261587375, 8073630, 13113731, 114050, 626220
79, 260880929, 8328654, 13560711, 118492, 706446
80, 260240948, 8459933, 14064172, 123733, 639981
81, 259608762, 8619587, 14531941, 128496, 632186
82, 259005337, 8649761, 15099456, 134232, 603425
83, 258361051, 8705504, 15682163, 140068, 644286
84, 257693092, 8873124, 16177367, 145203, 667959
85, 256964533, 9125668, 16648507, 150078, 728559
86, 256342166, 9248857, 17142756, 155007, 622367
87, 255760837, 9294226, 17673306, 160417, 581329
88, 255023954, 9434743, 18263550, 166539, 736883
89, 254287773, 9701039, 18728744, 171230, 736181
90, 253730057, 9668329, 19313306, 177094, 557716
91, 253103934, 9726303, 19875677, 182872, 626123
92, 252460955, 9753125, 20485624, 189082, 642979
93, 251731617, 9856205, 21105646, 195318, 729338
94, 251297468, 9583873, 21805207, 202238, 434149
95, 250654157, 9587176, 22438731, 208722, 643311
96, 249996253, 9612873, 23064602, 215058, 657904
97, 249401773, 9603896, 23662004, 221113, 594480
98, 248794366, 9566992, 24299933, 227495, 607407
99, 248087789, 9605584, 24961196, 234217, 706577
100, 247363526, 9601265, 25682506, 241489, 724263
101, 246909647, 9432753, 26298766, 247620, 453879
102, 246226066, 9534989, 26874151, 253580, 683581
103, 245647003, 9377150, 27603752, 260881, 579063
104, 245094958, 9192999, 28332592, 268237, 552045
105, 244748308, 8981922, 28884723, 273833, 346650
106, 244224397, 8879698, 29504523, 280168, 523911
107, 243622191, 8838914, 30141146, 286535, 602206
108, 243160296, 8571459, 30863222, 293809, 461895
109, 242841152, 8456447, 31293004, 298183, 319144
110, 242243715, 8410566, 31929765, 304740, 597437
111, 241855937, 8140437, 32581032, 311380, 387778
112, 241592057, 7809825, 33169473, 317431, 263880
113, 240976672, 7817795, 33770959, 323360, 615385
114, 240477670, 7610213, 34470356, 330547, 499002
115, 240072619, 7290992, 35187294, 337881, 405051
116, 239633107, 7276620, 35636542, 342517, 439512
117, 239297538, 6928600, 36313315, 349333, 335569
118, 239009797, 6637275, 36886495, 355219, 287741
119, 238740060, 6354965, 37433043, 360718, 269737
120, 238385927, 6362440, 37776279, 364140, 354133
121, 238009013, 6215434, 38294833, 369506, 376914
122, 237639530, 5982709, 38891015, 375532, 369483
123, 237401806, 5758535, 39348397, 380048, 237724
124, 237189171, 5652024, 39664309, 383282, 212635
125, 236857133, 5386624, 40255778, 389251, 332038
126, 236595520, 5260455, 40639622, 393189, 261613
127, 236371232, 5220861, 40900825, 395868, 224288
128, 236138972, 4837734, 41510021, 402059, 232260
129, 235947265, 4530438, 42003952, 407131, 191707
130, 235692006, 4380644, 42405060, 411076, 255259
131, 235417803, 4215334, 42840167, 415482, 274203
132, 235143053, 4154513, 43172469, 418751, 274750
133, 234903723, 4106100, 43457438, 421525, 239330
134, 234721334, 4018751, 43724431, 424270, 182389
135, 234617836, 3768112, 44074958, 427880, 103498
136, 234416482, 3592551, 44448149, 431604, 201354
137, 234265243, 3374305, 44813971, 435267, 151239
138, 234076441, 3325383, 45049317, 437645, 188802
139, 233977637, 3211552, 45260894, 438703, 98804
140, 233765888, 3091261, 45591176, 440461, 211749
141, 233584455, 3011079, 45851547, 441705, 181433
142, 233478218, 2893026, 46074718, 442824, 106237
143, 233356840, 2782144, 46305815, 443987, 121378
144, 233239435, 2707842, 46496584, 444925, 117405
145, 233160563, 2531455, 46750567, 446201, 78872
146, 233058344, 2359470, 47023406, 447566, 102219
147, 232981737, 2161327, 47296741, 448981, 76607
148, 232912319, 1991415, 47534870, 450182, 69418
149, 232882650, 1838694, 47716372, 451070, 29669
150, 232805548, 1812297, 47819312, 451629, 77102
151, 232703518, 1712972, 48019746, 452550, 102030
152, 232633879, 1631370, 48170188, 453349, 69639
153, 232595458, 1480989, 48358042, 454297, 38421
154, 232530816, 1446825, 48456342, 454803, 64642
155, 232475322, 1290570, 48667057, 455837, 55494
156, 232439629, 1144830, 48847539, 456788, 35693
157, 232412432, 1065789, 48953236, 457329, 27197
158, 232385384, 971459, 49074011, 457932, 27048
159, 232347831, 891606, 49190827, 458522, 37553
160, 232311423, 849141, 49269327, 458895, 36408
161, 232263275, 795070, 49371079, 459362, 48148
162, 232243784, 737954, 49447306, 459742, 19491
163, 232198087, 714233, 49516413, 460053, 45697
164, 232155115, 727536, 49545935, 460200, 42972
165, 232113602, 691947, 49622625, 460612, 41513
166, 232085912, 617607, 49724120, 461147, 27690
167, 232052574, 581306, 49793409, 461497, 33338
168, 232027820, 567639, 49831664, 461663, 24754
169, 232004317, 526500, 49895949, 462020, 23503
170, 231982549, 492774, 49951159, 462304, 21768
171, 231978515, 461115, 49986692, 462464, 4034
172, 231959031, 453402, 50013736, 462617, 19484
173, 231931549, 453836, 50040655, 462746, 27482
174, 231897321, 450510, 50078025, 462930, 34228
175, 231869824, 441599, 50114258, 463105, 27497
176, 231844465, 418810, 50162159, 463352, 25359
177, 231827187, 416597, 50181556, 463446, 17278
178, 231816810, 381277, 50227011, 463688, 10377
179, 231801883, 353232, 50269766, 463905, 14927
180, 231790645, 322957, 50311061, 464123, 11238
181, 231776999, 308913, 50338606, 464268, 13646
182, 231765179, 287395, 50371770, 464442, 11820
183, 231758545, 269275, 50396401, 464565, 6634
184, 231742688, 261629, 50419771, 464698, 15857
185, 231732019, 250530, 50441438, 464799, 10669
186, 231716378, 262137, 50445453, 464818, 15641
187, 231700945, 258086, 50464853, 464902, 15433
188, 231690480, 241069, 50492213, 465024, 10465
189, 231684598, 212723, 50526277, 465188, 5882
190, 231672797, 197027, 50553621, 465341, 11801
191, 231661050, 183415, 50578837, 465484, 11747
192, 231656405, 170782, 50596027, 465572, 4645
193, 231646208, 170602, 50606344, 465632, 10197
194, 231639189, 162694, 50621196, 465707, 7019
195, 231632219, 158426, 50632368, 465773, 6970
196, 231625336, 151663, 50645952, 465835, 6883
197, 231618841, 146338, 50657712, 465895, 6495
198, 231609898, 148647, 50664304, 465937, 8943
199, 231601412, 141276, 50680081, 466017, 8486
200, 231597860, 134159, 50690695, 466072, 3552
201, 231592286, 124092, 50706268, 466140, 5574
202, 231591135, 109810, 50721623, 466218, 1151
203, 231586550, 103930, 50732019, 466287, 4585
204, 231582263, 102335, 50737867, 466321, 4287
205, 231578000, 94797, 50749603, 466386, 4263
206, 231573986, 87064, 50761286, 466450, 4014
207, 231571883, 84522, 50765903, 466478, 2103
208, 231569835, 76373, 50776051, 466527, 2048
209, 231565370, 73819, 50783036, 466561, 4465
210, 231563639, 68580, 50789974, 466593, 1731
211, 231562390, 62946, 50796817, 466633, 1249
212, 231560819, 58022, 50803283, 466662, 1571
213, 231558473, 51425, 50812179, 466709, 2346
214, 231555703, 45709, 50820629, 466745, 2770
215, 231553796, 44064, 50824169, 466757, 1907
216, 231552090, 40196, 50829723, 466777, 1706
217, 231548904, 42231, 50830869, 466782, 3186
218, 231547776, 38774, 50835431, 466805, 1128
219, 231545481, 36782, 50839693, 466830, 2295
220, 231544551, 33449, 50843936, 466850, 930
221, 231542926, 31060, 50847937, 466863, 1625
222, 231541582, 30301, 50850033, 466870, 1344
223, 231539172, 30663, 50852067, 466884, 2410
224, 231537495, 27875, 50856512, 466904, 1677
225, 231536623, 27016, 50858237, 466910, 872
226, 231535975, 26415, 50859484, 466912, 648
227, 231534421, 26398, 50861048, 466919, 1554
228, 231533344, 25129, 50863382, 466931, 1077
229, 231532647, 23056, 50866140, 466943, 697
230, 231531750, 22046, 50868038, 466952, 897
231, 231530773, 21317, 50869735, 466961, 977
232, 231530020, 18884, 50872906, 466976, 753
233, 231529149, 18627, 50874029, 466981, 871
234, 231528612, 16869, 50876311, 466994, 537
235, 231527908, 16643, 50877236, 466999, 704
236, 231526698, 16228, 50878855, 467005, 1210
237, 231525746, 15836, 50880188, 467016, 952
238, 231524859, 14313, 50882587, 467027, 887
239, 231524064, 13431, 50884252, 467039, 795
240, 231523281, 13342, 50885119, 467044, 783
241, 231522488, 13487, 50885766, 467045, 793
242, 231522412, 12009, 50887316, 467049, 76
243, 231521729, 11615, 50888389, 467053, 683
244, 231521197, 11450, 50889082, 467057, 532
245, 231520362, 11388, 50889973, 467063, 835
246, 231519870, 10903, 50890947, 467066, 492
247, 231519429, 10591, 50891696, 467070, 441
248, 231518584, 10565, 50892565, 467072, 845
249, 231518273, 10339, 50893102, 467072, 311
250, 231518195, 9713, 50893803, 467075, 78
251, 231517618, 9080, 50895010, 467078, 577
252, 231517232, 8514, 50895956, 467084, 386
253, 231516864, 7995, 50896839, 467088, 368
254, 231516397, 7667, 50897629, 467093, 467
255, 231516217, 7064, 50898406, 467099, 180
256, 231515939, 6549, 50899193, 467105, 278
257, 231515505, 6907, 50899269, 467105, 434
258, 231515225, 6504, 50899951, 467106, 280
259, 231514752, 6445, 50900482, 467107, 473
260, 231514420, 5942, 50901309, 467115, 332
261, 231514175, 5695, 50901798, 467118, 245
262, 231513927, 5502, 50902235, 467122, 248
263, 231513551, 5033, 50903074, 467128, 376
264, 231513251, 5022, 50903385, 467128, 300
265, 231513131, 5064, 50903463, 467128, 120
266, 231512836, 4782, 50904038, 467130, 295
267, 231512630, 4602, 50904422, 467132, 206
268, 231512457, 4407, 50904786, 467136, 173
269, 231512370, 4027, 50905250, 467139, 87
270, 231512116, 4101, 50905429, 467140, 254
271, 231511770, 4169, 50905704, 467143, 346
272, 231511530, 3975, 50906135, 467146, 240
273, 231511368, 3857, 50906413, 467148, 162
274, 231511274, 3478, 50906882, 467152, 94
275, 231511022, 3398, 50907213, 467153, 252
276, 231510871, 3304, 50907457, 467154, 151
277, 231510702, 3225, 50907703, 467156, 169
278, 231510557, 2994, 50908078, 467157, 145
279, 231510382, 2869, 50908376, 467159, 175
280, 231510275, 2856, 50908496, 467159, 107
281, 231510054, 2782, 50908789, 467161, 221
282, 231509837, 2793, 50908994, 467162, 217
283, 231509719, 2738, 50909167, 467162, 118
284, 231509658, 2712, 50909254, 467162, 61
285, 231509542, 2574, 50909507, 467163, 116
286, 231509473, 2297, 50909852, 467164, 69
287, 231509365, 2165, 50910092, 467164, 108
288, 231509312, 2056, 50910252, 467166, 53
289, 231509259, 2015, 50910345, 467167, 53
290, 231509195, 1827, 50910596, 467168, 64
291, 231509116, 1755, 50910747, 467168, 79
292, 231509067, 1635, 50910916, 467168, 49
293, 231508963, 1594, 50911061, 467168, 104
294, 231508905, 1477, 50911236, 467168, 58
295, 231508885, 1390, 50911341, 467170, 20
296, 231508849, 1205, 50911561, 467171, 36
297, 231508798, 1039, 50911777, 467172, 51
298, 231508786, 933, 50911894, 467173, 12
299, 231508729, 929, 50911954, 467174, 57
300, 231508681, 861, 50912069, 467175, 48
301, 231508639, 834, 50912137, 467176, 42
302, 231508614, 751, 50912245, 467176, 25
303, 231508572, 740, 50912298, 467176, 42
304, 231508517, 742, 50912350, 467177, 55
305, 231508507, 688, 50912414, 467177, 10
306, 231508467, 649, 50912492, 467178, 40
307, 231508446, 621, 50912541, 467178, 21
308, 231508416, 547, 50912645, 467178, 30
309, 231508396, 509, 50912703, 467178, 20
310, 231508376, 509, 50912723, 467178, 20
311, 231508365, 484, 50912759, 467178, 11
312, 231508347, 451, 50912809, 467179, 18
313, 231508333, 453, 50912821, 467179, 14
314, 231508319, 410, 50912877, 467180, 14
315, 231508293, 388, 50912925, 467180, 26
316, 231508266, 373, 50912966, 467181, 27
317, 231508256, 358, 50912991, 467181, 10
318, 231508240, 332, 50913033, 467181, 16
319, 231508224, 293, 50913088, 467181, 16
320, 231508215, 292, 50913098, 467181, 9
321, 231508196, 271, 50913138, 467181, 19
322, 231508193, 253, 50913159, 467181, 3
323, 231508178, 238, 50913189, 467181, 15
324, 231508174, 222, 50913209, 467181, 4
325, 231508162, 214, 50913229, 467181, 12
326, 231508156, 209, 50913240, 467181, 6
327, 231508135, 212, 50913258, 467181, 21
328, 231508127, 206, 50913272, 467181, 8
329, 231508125, 194, 50913286, 467181, 2
330, 231508115, 178, 50913312, 467181, 10
331, 231508106, 160, 50913339, 467181, 9
332, 231508096, 160, 50913349, 467181, 10
333, 231508093, 147, 50913365, 467181, 3
334, 231508090, 134, 50913381, 467181, 3
335, 231508088, 127, 50913390, 467181, 2
336, 231508074, 122, 50913409, 467181, 14
337, 231508069, 124, 50913412, 467181, 5
338, 231508055, 123, 50913427, 467181, 14
339, 231508045, 129, 50913431, 467181, 10
340, 231508044, 118, 50913443, 467181, 1
341, 231508041, 115, 50913449, 467181, 3
342, 231508032, 103, 50913470, 467181, 9
343, 231508026, 101, 50913478, 467181, 6
344, 231508022, 103, 50913480, 467181, 4
345, 231508016, 99, 50913490, 467181, 6
346, 231508014, 92, 50913499, 467181, 2
347, 231508009, 87, 50913509, 467181, 5
348, 231508007, 86, 50913512, 467181, 2
349, 231508003, 87, 50913515, 467181, 4
350, 231508001, 87, 50913517, 467181, 2
351, 231508000, 74, 50913531, 467181, 1
352, 231507998, 71, 50913536, 467181, 2
353, 231507997, 58, 50913550, 467181, 1
354, 231507992, 53, 50913560, 467181, 5
355, 231507989, 55, 50913561, 467181, 3
356, 231507985, 56, 50913564, 467181, 4
357, 231507983, 49, 50913573, 467181, 2
358, 231507981, 45, 50913579, 467181, 2
359, 231507976, 46, 50913583, 467181, 5
360, 231507974, 42, 50913589, 467181, 2
361, 231507971, 43, 50913591, 467181, 3
362, 231507968, 41, 50913596, 467181, 3
363, 231507967, 40, 50913598, 467181, 1
364, 231507966, 37, 50913602, 467181, 1
365, 231507964, 37, 50913604, 467181, 2
366, 231507962, 38, 50913605, 467181, 2
367, 231507957, 41, 50913607, 467181, 5
368, 231507957, 40, 50913608, 467181, 0
369, 231507955, 37, 50913613, 467181, 2
370, 231507954, 35, 50913616, 467181, 1
371, 231507953, 32, 50913620, 467181, 1
372, 231507953, 30, 50913622, 467181, 0
373, 231507950, 31, 50913624, 467181, 3
374, 231507949, 27, 50913629, 467181, 1
375, 231507947, 27, 50913631, 467181, 2
376, 231507944, 27, 50913634, 467181, 3
377, 231507944, 24, 50913637, 467181, 0
378, 231507944, 23, 50913638, 467181, 0
379, 231507943, 23, 50913639, 467181, 1
380, 231507942, 22, 50913641, 467181, 1
381, 231507941, 21, 50913643, 467181, 1
382, 231507939, 18, 50913648, 467181, 2
383, 231507937, 20, 50913648, 467181, 2
384, 231507936, 19, 50913650, 467181, 1
385, 231507935, 19, 50913651, 467181, 1
386, 231507934, 19, 50913652, 467181, 1
387, 231507933, 20, 50913652, 467181, 1
388, 231507933, 17, 50913655, 467181, 0
389, 231507932, 17, 50913656, 467181, 1
390, 231507931, 16, 50913658, 467181, 1
391, 231507931, 13, 50913661, 467181, 0
392, 231507930, 14, 50913661, 467181, 1
393, 231507929, 15, 50913661, 467181, 1
394, 231507929, 14, 50913662, 467181, 0
395, 231507929, 13, 50913663, 467181, 0
396, 231507928, 13, 50913664, 467181, 1
397, 231507928, 11, 50913666, 467181, 0
398, 231507925, 12, 50913668, 467181, 3
399, 231507923, 13, 50913669, 467181, 2
400, 231507923, 12, 50913670, 467181, 0
401, 231507923, 11, 50913671, 467181, 0
402, 231507922, 11, 50913672, 467181, 1
403, 231507922, 11, 50913672, 467181, 0
404, 231507922, 10, 50913673, 467181, 0
405, 231507922, 9, 50913674, 467181, 0
406, 231507921, 10, 50913674, 467181, 1
407, 231507920, 10, 50913675, 467181, 1
408, 231507920, 9, 50913676, 467181, 0
409, 231507920, 9, 50913676, 467181, 0
410, 231507919, 10, 50913676, 467181, 1
411, 231507919, 9, 50913677, 467181, 0
412, 231507919, 9, 50913677, 467181, 0
413, 231507919, 6, 50913680, 467181, 0
414, 231507919, 4, 50913682, 467181, 0
415, 231507919, 4, 50913682, 467181, 0
416, 231507919, 4, 50913682, 467181, 0
417, 231507919, 3, 50913683, 467181, 0
418, 231507919, 3, 50913683, 467181, 0
419, 231507919, 3, 50913683, 467181, 0
420, 231507919, 3, 50913683, 467181, 0
421, 231507919, 2, 50913684, 467181, 0
422, 231507919, 1, 50913685, 467181, 0
423, 231507919, 1, 50913685, 467181, 0
424, 231507919, 1, 50913685, 467181, 0
425, 231507919, 0, 50913686, 467181, 0