Day, Susceptible, Infected, Recovered, Dead, New Cases
1, 322607393, 392607, 214711, 0, 0
2, 322587238, 384713, 242180, 580, 20155
3, 322567467, 378627, 267547, 1070, 19771
4, 322548284, 373600, 291232, 1595, 19183
5, 322529075, 370307, 313304, 2025, 19209
6, 322510008, 368642, 333625, 2436, 19067
7, 322490686, 368711, 352481, 2833, 19322
8, 322471434, 369994, 370058, 3225, 19252
9, 322452243, 372524, 386373, 3571, 19191
10, 322432604, 376721, 401482, 3904, 19639
11, 322412509, 382387, 415581, 4234, 20095
12, 322392120, 389363, 428720, 4508, 20389
13, 322372658, 396486, 440819, 4748, 19462
14, 322351409, 406214, 452091, 4997, 21249
15, 322329749, 417097, 462632, 5233, 21660
16, 322307334, 429621, 472324, 5432, 22415
17, 322285620, 421931, 501166, 5994, 21714
18, 322263902, 415357, 528874, 6578, 21718
19, 322242877, 409314, 555401, 7119, 21025
20, 322222186, 403339, 581550, 7636, 20691
21, 322201300, 398198, 607064, 8149, 20886
22, 322180950, 392933, 632167, 8661, 20350
23, 322161067, 387680, 656805, 9159, 19883
24, 322141165, 382889, 681004, 9653, 19902
25, 322122643, 376604, 705302, 10162, 18522
26, 322103529, 370884, 729640, 10658, 19114
27, 322084683, 364987, 753878, 11163, 18846
28, 322066173, 359876, 777037, 11625, 18510
29, 322047983, 352905, 801679, 12144, 18190
30, 322029863, 345756, 826402, 12690, 18120
31, 322012446, 337491, 851542, 13232, 17417
32, 321995208, 329989, 875770, 13744, 17238
33, 321978536, 322181, 899729, 14265, 16672
34, 321962202, 314819, 922939, 14751, 16334
35, 321946332, 307542, 945627, 15210, 15870
36, 321930700, 300057, 968292, 15662, 15632
37, 321915618, 292727, 990242, 16124, 15082
38, 321900903, 285599, 1011607, 16602, 14715
39, 321886429, 278305, 1032975, 17002, 14474
40, 321872370, 272195, 1052731, 17415, 14059
41, 321858688, 265224, 1072964, 17835, 13682
42, 321845613, 258025, 1092799, 18274, 13075
43, 321832686, 251075, 1112308, 18642, 12927
44, 321820027, 244274, 1131364, 19046, 12659
45, 321807702, 237327, 1150273, 19409, 12325
46, 321795980, 230526, 1168420, 19785, 11722
47, 321784288, 223975, 1186302, 20146, 11692
48, 321773022, 217614, 1203589, 20486, 11266
49, 321762096, 211410, 1220360, 20845, 10926
50, 321751491, 205360, 1236678, 21182, 10605
51, 321741280, 199154, 1252764, 21513, 10211
52, 321731189, 193462, 1268215, 21845, 10091
53, 321721391, 187896, 1283305, 22119, 9798
54, 321711968, 182221, 1298095, 22427, 9423
55, 321702979, 176590, 1312420, 22722, 8989
56, 321693925, 171449, 1326357, 22980, 9054
57, 321685309, 166483, 1339649, 23270, 8616
58, 321676929, 161522, 1352755, 23505, 8380
59, 321668840, 156528, 1365567, 23776, 8089
60, 321660927, 151723, 1378067, 23994, 7913
61, 321653399, 147166, 1389898, 24248, 7528
62, 321647019, 141528, 1401678, 24486, 6380
63, 321639852, 137097, 1413017, 24745, 7167
64, 321632989, 132736, 1424023, 24963, 6863
65, 321626265, 128589, 1434668, 25189, 6724
66, 321619780, 124617, 1444949, 25365, 6485
67, 321613576, 120504, 1455054, 25577, 6204
68, 321607540, 116531, 1464888, 25752, 6036
69, 321601706, 112761, 1474283, 25961, 5834
70, 321596073, 109219, 1483271, 26148, 5633
71, 321590672, 105387, 1492336, 26316, 5401
72, 321585302, 101985, 1500927, 26497, 5370
73, 321580219, 98536, 1509270, 26686, 5083
74, 321575390, 95145, 1517334, 26842, 4829
75, 321570658, 91835, 1525206, 27012, 4732
76, 321566003, 88851, 1532691, 27166, 4655
77, 321561409, 86963, 1539035, 27304, 4594
78, 321557605, 83510, 1546131, 27465, 3804
79, 321553407, 80744, 1552981, 27579, 4198
80, 321549403, 77940, 1559649, 27719, 4004
81, 321545463, 75316, 1566083, 27849, 3940
82, 321541606, 72896, 1572233, 27976, 3857
83, 321538007, 70401, 1578216, 28087, 3599
84, 321534578, 67945, 1583965, 28223, 3429
85, 321531226, 65615, 1589516, 28354, 3352
86, 321528012, 63380, 1594848, 28471, 3214
87, 321524960, 61011, 1600145, 28595, 3052
88, 321521847, 59002, 1605159, 28703, 3113
89, 321518885, 57084, 1609961, 28781, 2962
90, 321516019, 55174, 1614630, 28888, 2866
91, 321513319, 53176, 1619243, 28973, 2700
92, 321510723, 51151, 1623764, 29073, 2596
93, 321508199, 49835, 1627520, 29157, 2524
94, 321505738, 48067, 1631686, 29220, 2461
95, 321503353, 46421, 1635630, 29307, 2385
96, 321501138, 44667, 1639518, 29388, 2215
97, 321498912, 43004, 1643341, 29454, 2226
98, 321496794, 41501, 1646886, 29530, 2118
99, 321494836, 40004, 1650288, 29583, 1958
100, 321492781, 38689, 1653598, 29643, 2055
101, 321490853, 37390, 1656758, 29710, 1928
102, 321489013, 36164, 1659765, 29769, 1840
103, 321487251, 34801, 1662829, 29830, 1762
104, 321485491, 33573, 1665757, 29890, 1760
105, 321483804, 32381, 1668574, 29952, 1687
106, 321482198, 31278, 1671210, 30025, 1606
107, 321480654, 30211, 1673773, 30073, 1544
108, 321479153, 29178, 1676256, 30124, 1501
109, 321477710, 28154, 1678669, 30178, 1443
110, 321476279, 27194, 1681013, 30225, 1431
111, 321474947, 26300, 1683189, 30275, 1332
112, 321473760, 25256, 1685382, 30313, 1187
113, 321472505, 24382, 1687470, 30354, 1255
114, 321471312, 23609, 1689393, 30397, 1193
115, 321470085, 22773, 1691402, 30451, 1227
116, 321469218, 21706, 1693298, 30489, 867
117, 321468123, 20955, 1695099, 30534, 1095
118, 321467059, 20250, 1696841, 30561, 1064
119, 321466112, 19431, 1698564, 30604, 947
120, 321465154, 18696, 1700222, 30639, 958
121, 321464193, 18046, 1701797, 30675, 961
122, 321463324, 17369, 1703312, 30706, 869
123, 321462446, 16744, 1704784, 30737, 878
124, 321461578, 16166, 1706195, 30772, 868
125, 321460936, 15372, 1707599, 30804, 642
126, 321460225, 14747, 1708906, 30833, 711
127, 321459448, 14334, 1710061, 30868, 777
128, 321458710, 13815, 1711292, 30894, 738
129, 321458076, 13254, 1712462, 30919, 634
130, 321457448, 12653, 1713670, 30940, 628
131, 321456801, 12433, 1714520, 30957, 647
132, 321456179, 11960, 1715595, 30977, 622
133, 321455583, 11491, 1716639, 30998, 596
134, 321454993, 11133, 1717565, 31020, 590
135, 321454420, 10747, 1718503, 31041, 573
136, 321453936, 10270, 1719449, 31056, 484
137, 321453417, 9917, 1720307, 31070, 519
138, 321452911, 9545, 1721166, 31089, 506
139, 321452468, 9118, 1722023, 31102, 443
140, 321451990, 8954, 1722652, 31115, 478
141, 321451533, 8699, 1723349, 31130, 457
142, 321451065, 8390, 1724111, 31145, 468
143, 321450683, 8033, 1724836, 31159, 382
144, 321450279, 7803, 1725454, 31175, 404
145, 321449884, 7570, 1726075, 31182, 395
146, 321449539, 7268, 1726706, 31198, 345
147, 321449158, 7027, 1727320, 31206, 381
148, 321448819, 6769, 1727906, 31217, 339
149, 321448480, 6518, 1728486, 31227, 339
150, 321448157, 6268, 1729051, 31235, 323
151, 321447848, 6093, 1729523, 31247, 309
152, 321447541, 5881, 1730036, 31253, 307
153, 321447248, 5668, 1730537, 31258, 293
154, 321446959, 5514, 1730965, 31273, 289
155, 321446775, 5220, 1731433, 31283, 184
156, 321446519, 5019, 1731878, 31295, 256
157, 321446336, 4734, 1732334, 31307, 183
158, 321446076, 4611, 1732708, 31316, 260
159, 321445849, 4433, 1733110, 31319, 227
160, 321445655, 4232, 1733499, 31325, 194
161, 321445441, 4100, 1733836, 31334, 214
162, 321445248, 3912, 1734204, 31347, 193
163, 321445046, 3775, 1734538, 31352, 202
164, 321444870, 3612, 1734870, 31359, 176
165, 321444707, 3450, 1735186, 31368, 163
166, 321444554, 3294, 1735491, 31372, 153
167, 321444398, 3143, 1735788, 31382, 156
168, 321444237, 3011, 1736079, 31384, 161
169, 321444088, 2871, 1736363, 31389, 149
170, 321443947, 2828, 1736545, 31391, 141
171, 321443789, 2730, 1736797, 31395, 158
172, 321443627, 2709, 1736975, 31400, 162
173, 321443490, 2586, 1737234, 31401, 137
174, 321443385, 2464, 1737459, 31403, 105
175, 321443252, 2403, 1737649, 31407, 133
176, 321443133, 2308, 1737859, 31411, 119
177, 321443020, 2228, 1738049, 31414, 113
178, 321442889, 2157, 1738246, 31419, 131
179, 321442809, 2061, 1738419, 31422, 80
180, 321442697, 2010, 1738580, 31424, 112
181, 321442597, 1957, 1738731, 31426, 100
182, 321442510, 1888, 1738883, 31430, 87
183, 321442403, 1834, 1739044, 31430, 107
184, 321442338, 1750, 1739192, 31431, 65
185, 321442240, 1707, 1739331, 31433, 98
186, 321442152, 1637, 1739486, 31436, 88
187, 321442077, 1550, 1739642, 31442, 75
188, 321441999, 1491, 1739777, 31444, 78
189, 321441899, 1486, 1739880, 31446, 100
190, 321441819, 1433, 1740011, 31448, 80
191, 321441761, 1372, 1740127, 31451, 58
192, 321441696, 1324, 1740237, 31454, 65
193, 321441639, 1250, 1740368, 31454, 57
194, 321441572, 1237, 1740446, 31456, 67
195, 321441504, 1193, 1740554, 31460, 68
196, 321441443, 1154, 1740652, 31462, 61
197, 321441388, 1122, 1740738, 31463, 55
198, 321441334, 1069, 1740844, 31464, 54
199, 321441290, 1048, 1740908, 31465, 44
200, 321441242, 998, 1741002, 31469, 48
201, 321441183, 969, 1741087, 31472, 59
202, 321441136, 941, 1741160, 31474, 47
203, 321441090, 909, 1741236, 31476, 46
204, 321441054, 845, 1741335, 31477, 36
205, 321441021, 798, 1741414, 31478, 33
206, 321440979, 782, 1741472, 31478, 42
207, 321440938, 758, 1741536, 31479, 41
208, 321440908, 731, 1741593, 31479, 30
209, 321440871, 701, 1741660, 31479, 37
210, 321440831, 673, 1741728, 31479, 40
211, 321440805, 638, 1741787, 31481, 26
212, 321440773, 615, 1741839, 31484, 32
213, 321440754, 580, 1741892, 31485, 19
214, 321440716, 574, 1741935, 31486, 38
215, 321440694, 548, 1741982, 31487, 22
216, 321440674, 509, 1742041, 31487, 20
217, 321440649, 487, 1742087, 31488, 25
218, 321440634, 456, 1742131, 31490, 15
219, 321440607, 447, 1742167, 31490, 27
220, 321440584, 437, 1742200, 31490, 23
221, 321440561, 418, 1742241, 31491, 23
222, 321440541, 397, 1742281, 31492, 20
223, 321440528, 380, 1742310, 31493, 13
224, 321440511, 360, 1742347, 31493, 17
225, 321440503, 328, 1742387, 31493, 8
226, 321440486, 319, 1742412, 31494, 17
227, 321440466, 307, 1742444, 31494, 20
228, 321440446, 308, 1742463, 31494, 20
229, 321440432, 284, 1742500, 31495, 14
230, 321440420, 274, 1742522, 31495, 12
231, 321440410, 264, 1742542, 31495, 10
232, 321440396, 253, 1742567, 31495, 14
233, 321440391, 243, 1742582, 31495, 5
234, 321440385, 222, 1742609, 31495, 6
235, 321440371, 213, 1742631, 31496, 14
236, 321440362, 199, 1742652, 31498, 9
237, 321440353, 188, 1742672, 31498, 9
238, 321440344, 184, 1742685, 31498, 9
239, 321440337, 174, 1742699, 31501, 7
240, 321440327, 176, 1742707, 31501, 10
241, 321440318, 168, 1742723, 31502, 9
242, 321440314, 152, 1742742, 31503, 4
243, 321440310, 136, 1742762, 31503, 4
244, 321440309, 123, 1742775, 31504, 1
245, 321440305, 115, 1742787, 31504, 4
246, 321440302, 108, 1742797, 31504, 3
247, 321440295, 101, 1742811, 31504, 7
248, 321440292, 99, 1742816, 31504, 3
249, 321440288, 97, 1742821, 31505, 4
250, 321440286, 85, 1742835, 31505, 2
251, 321440279, 83, 1742844, 31505, 7
252, 321440276, 77, 1742853, 31505, 3
253, 321440273, 71, 1742862, 31505, 3
254, 321440269, 68, 1742869, 31505, 4
255, 321440265, 62, 1742879, 31505, 4
256, 321440262, 56, 1742888, 31505, 3
257, 321440258, 56, 1742892, 31505, 4
258, 321440257, 53, 1742896, 31505, 1
259, 321440256, 53, 1742897, 31505, 1
260, 321440255, 50, 1742901, 31505, 1
261, 321440253, 49, 1742904, 31505, 2
262, 321440251, 44, 1742911, 31505, 2
263, 321440247, 45, 1742914, 31505, 4
264, 321440243, 45, 1742918, 31505, 4
265, 321440241, 45, 1742920, 31505, 2
266, 321440238, 41, 1742927, 31505, 3
267, 321440238, 38, 1742930, 31505, 0
268, 321440236, 37, 1742933, 31505, 2
269, 321440235, 34, 1742937, 31505, 1
270, 321440234, 31, 1742940, 31506, 1
271, 321440231, 31, 1742943, 31506, 3
272, 321440229, 29, 1742947, 31506, 2
273, 321440226, 31, 1742948, 31506, 3
274, 321440221, 35, 1742949, 31506, 5
275, 321440219, 36, 1742950, 31506, 2
276, 321440217, 36, 1742952, 31506, 2
277, 321440215, 36, 1742953, 31507, 2
278, 321440213, 34, 1742956, 31508, 2
279, 321440212, 31, 1742959, 31509, 1
280, 321440211, 30, 1742961, 31509, 1
281, 321440210, 28, 1742964, 31509, 1
282, 321440209, 29, 1742964, 31509, 1
283, 321440207, 29, 1742966, 31509, 2
284, 321440206, 29, 1742966, 31510, 1
285, 321440205, 29, 1742967, 31510, 1
286, 321440204, 27, 1742970, 31510, 1
287, 321440202, 27, 1742972, 31510, 2
288, 321440201, 25, 1742975, 31510, 1
289, 321440199, 22, 1742979, 31511, 2
290, 321440198, 21, 1742981, 31511, 1
291, 321440197, 20, 1742983, 31511, 1
292, 321440196, 19, 1742985, 31511, 1
293, 321440196, 17, 1742987, 31511, 0
294, 321440194, 18, 1742988, 31511, 2
295, 321440192, 19, 1742989, 31511, 2
296, 321440191, 19, 1742990, 31511, 1
297, 321440190, 19, 1742991, 31511, 1
298, 321440189, 18, 1742993, 31511, 1
299, 321440187, 19, 1742994, 31511, 2
300, 321440184, 21, 1742995, 31511, 3
301, 321440184, 20, 1742996, 31511, 0
302, 321440182, 20, 1742998, 31511, 2
303, 321440178, 23, 1742999, 31511, 4
304, 321440177, 22, 1743001, 31511, 1
305, 321440174, 24, 1743002, 31511, 3
306, 321440171, 26, 1743003, 31511, 3
307, 321440171, 25, 1743004, 31511, 0
308, 321440171, 25, 1743004, 31511, 0
309, 321440170, 24, 1743006, 31511, 1
310, 321440170, 22, 1743008, 31511, 0
311, 321440168, 23, 1743009, 31511, 2
312, 321440168, 22, 1743010, 31511, 0
313, 321440168, 21, 1743011, 31511, 0
314, 321440168, 19, 1743013, 31511, 0
315, 321440166, 18, 1743016, 31511, 2
316, 321440162, 22, 1743016, 31511, 4
317, 321440160, 22, 1743018, 31511, 2
318, 321440160, 18, 1743022, 31511, 0
319, 321440160, 17, 1743023, 31511, 0
320, 321440159, 15, 1743026, 31511, 1
321, 321440158, 13, 1743029, 31511, 1
322, 321440158, 13, 1743029, 31511, 0
323, 321440158, 13, 1743029, 31511, 0
324, 321440158, 12, 1743030, 31511, 0
325, 321440158, 12, 1743030, 31511, 0
326, 321440158, 10, 1743032, 31511, 0
327, 321440156, 12, 1743032, 31511, 2
328, 321440156, 12, 1743032, 31511, 0
329, 321440156, 12, 1743032, 31511, 0
330, 321440156, 10, 1743033, 31512, 0
331, 321440155, 7, 1743037, 31512, 1
332, 321440155, 5, 1743039, 31512, 0
333, 321440155, 5, 1743039, 31512, 0
334, 321440155, 5, 1743039, 31512, 0
335, 321440155, 4, 1743040, 31512, 0
336, 321440155, 3, 1743041, 31512, 0
337, 321440155, 3, 1743041, 31512, 0
338, 321440155, 3, 1743041, 31512, 0
339, 321440155, 3, 1743041, 31512, 0
340, 321440155, 3, 1743041, 31512, 0
341, 321440154, 4, 1743041, 31512, 1
342, 321440154, 2, 1743043, 31512, 0
343, 321440154, 2, 1743043, 31512, 0
344, 321440154, 2, 1743043, 31512, 0
345, 321440154, 2, 1743043, 31512, 0
346, 321440154, 1, 1743044, 31512, 0
347, 321440154, 1, 1743044, 31512, 0
348, 321440154, 1, 1743044, 31512, 0
349, 321440154, 1, 1743044, 31512, 0
350, 321440154, 1, 1743044, 31512, 0
351, 321440153, 2, 1743044, 31512, 1
352, 321440153, 2, 1743044, 31512, 0
353, 321440153, 2, 1743044, 31512, 0
354, 321440153, 2, 1743044, 31512, 0
355, 321440153, 2, 1743044, 31512, 0
356, 321440153, 1, 1743045, 31512, 0
357, 321440153, 1, 1743045, 31512, 0
358, 321440153, 1, 1743045, 31512, 0
359, 321440153, 1, 1743045, 31512, 0
360, 321440153, 1, 1743045, 31512, 0
361, 321440153, 1, 1743045, 31512, 0
362, 321440153, 1, 1743045, 31512, 0
363, 321440153, 1, 1743045, 31512, 0
364, 321440153, 1, 1743045, 31512, 0
365, 321440153, 1, 1743045, 31512, 0
366, 321440153, 0, 1743046, 31512, 0